,0
0,3
1,8
2,8
3,0
4,6
5,3
6,1
7,6
8,3
9,1
10,0
11,9
12,5
13,7
14,9
15,6
16,5
17,7
18,8
19,6
20,7
21,0
22,0
23,9
24,4
25,9
26,4
27,0
28,9
29,6
30,6
31,2
32,2
33,5
34,9
35,9
36,7
37,1
38,9
39,5
40,4
41,6
42,5
43,6
44,0
45,9
46,3
47,9
48,7
49,6
50,0
51,8
52,3
53,3
54,8
55,8
56,5
57,3
58,5
59,6
60,7
61,3
62,6
63,3
64,6
65,6
66,8
67,2
68,5
69,9
70,2
71,6
72,8
73,8
74,9
75,2
76,0
77,5
78,5
79,8
80,8
81,1
82,1
83,7
84,2
85,7
86,9
87,3
88,8
89,9
90,0
91,6
92,8
93,6
94,4
95,6
96,6
97,0
98,0
99,7
100,5
101,5
102,6
103,3
104,1
105,1
106,3
107,6
108,5
109,7
110,4
111,0
112,2
113,2
114,9
115,7
116,0
117,4
118,2
119,5
120,8
121,3
122,1
123,2
124,8
125,2
126,8
127,3
128,6
129,0
130,4
131,1
132,9
133,9
134,1
135,2
136,9
137,7
138,2
139,8
140,3
141,5
142,6
143,5
144,8
145,7
146,6
147,5
148,5
149,3
150,0
151,1
152,6
153,3
154,0
155,5
156,2
157,9
158,2
159,4
160,2
161,1
162,6
163,6
164,0
165,7
166,8
167,4
168,6
169,0
170,9
171,3
172,9
173,8
174,9
175,9
176,3
177,7
178,3
179,9
180,0
181,5
182,2
183,2
184,3
185,8
186,6
187,3
188,3
189,0
190,5
191,1
192,0
193,1
194,7
195,3
196,8
197,8
198,7
199,8
200,3
201,8
202,8
203,7
204,1
205,3
206,0
207,5
208,7
209,9
210,3
211,9
212,5
213,7
214,8
215,0
216,7
217,9
218,8
219,2
220,7
221,3
222,9
223,3
224,4
225,9
226,3
227,3
228,3
229,6
230,3
231,1
232,5
233,8
234,8
235,0
236,4
237,8
238,6
239,2
240,1
241,1
242,8
243,9
244,0
245,6
246,9
247,8
248,2
249,0
250,5
251,5
252,9
253,9
254,2
255,0
256,6
257,0
258,8
259,9
260,9
261,1
262,3
263,3
264,0
265,8
266,2
267,4
268,7
269,0
270,7
271,7
272,6
273,3
274,8
275,3
276,0
277,2
278,7
279,5
280,9
281,0
282,6
283,1
284,9
285,9
286,1
287,0
288,7
289,9
290,1
291,2
292,6
293,1
294,3
295,2
296,6
297,0
298,0
299,6
300,6
301,6
302,5
303,0
304,6
305,1
306,9
307,2
308,1
309,4
310,8
311,6
312,8
313,0
314,3
315,0
316,7
317,7
318,5
319,5
320,3
321,5
322,2
323,5
324,7
325,1
326,7
327,5
328,3
329,6
330,1
331,9
332,6
333,6
334,6
335,9
336,3
337,8
338,0
339,7
340,4
341,6
342,2
343,5
344,8
345,3
346,7
347,6
348,8
349,9
350,9
351,1
352,8
353,2
354,2
355,4
356,5
357,2
358,8
359,0
360,9
361,5
362,8
363,0
364,9
365,0
366,0
367,2
368,0
369,1
370,4
371,7
372,9
373,4
374,2
375,7
376,9
377,2
378,6
379,6
380,6
381,9
382,0
383,3
384,6
385,0
386,7
387,4
388,5
389,5
390,1
391,2
392,6
393,5
394,5
395,6
396,3
397,3
398,0
399,9
400,9
401,8
402,7
403,8
404,8
405,6
406,0
407,1
408,8
409,2
410,7
411,9
412,2
413,6
414,1
415,9
416,3
417,2
418,2
419,7
420,4
421,7
422,8
423,0
424,2
425,9
426,6
427,4
428,6
429,6
430,4
431,4
432,3
433,7
434,9
435,7
436,6
437,5
438,3
439,9
440,1
441,4
442,9
443,9
444,3
445,4
446,5
447,0
448,2
449,2
450,6
451,9
452,7
453,2
454,9
455,4
456,6
457,2
458,6
459,3
460,5
461,6
462,3
463,5
464,3
465,4
466,4
467,3
468,7
469,8
470,3
471,7
472,8
473,0
474,3
475,7
476,6
477,0
478,6
479,3
480,8
481,6
482,8
483,3
484,5
485,9
486,9
487,9
488,4
489,0
490,1
491,0
492,8
493,1
494,1
495,8
496,0
497,2
498,2
499,0
500,4
501,6
502,3
503,4
504,9
505,4
506,7
507,9
508,9
509,4
510,5
511,6
512,6
513,1
514,5
515,6
516,8
517,9
518,7
519,8
520,5
521,7
522,0
523,7
524,0
525,3
526,4
527,0
528,8
529,6
530,9
531,9
532,9
533,5
534,6
535,6
536,6
537,2
538,8
539,1
540,1
541,3
542,6
543,7
544,5
545,9
546,1
547,6
548,6
549,3
550,5
551,3
552,8
553,3
554,9
555,2
556,6
557,4
558,3
559,2
560,0
561,7
562,6
563,2
564,4
565,3
566,9
567,3
568,8
569,2
570,6
571,7
572,1
573,8
574,6
575,6
576,8
577,8
578,7
579,2
580,4
581,8
582,8
583,5
584,0
585,9
586,6
587,4
588,8
589,9
590,6
591,9
592,2
593,6
594,1
595,4
596,7
597,2
598,3
599,3
600,8
601,5
602,0
603,2
604,1
605,6
606,8
607,3
608,3
609,9
610,6
611,9
612,8
613,8
614,5
615,8
616,6
617,3
618,2
619,1
620,7
621,8
622,1
623,7
624,7
625,9
626,1
627,4
628,4
629,1
630,8
631,2
632,3
633,3
634,7
635,6
636,8
637,3
638,0
639,5
640,3
641,3
642,0
643,7
644,9
645,1
646,3
647,4
648,4
649,5
650,3
651,1
652,3
653,6
654,9
655,0
656,1
657,2
658,4
659,1
660,8
661,7
662,7
663,2
664,3
665,0
666,9
667,0
668,1
669,5
670,6
671,3
672,4
673,3
674,3
675,0
676,4
677,9
678,3
679,5
680,1
681,6
682,4
683,8
684,9
685,2
686,9
687,6
688,6
689,9
690,2
691,2
692,0
693,7
694,8
695,3
696,0
697,2
698,7
699,5
700,7
701,0
702,6
703,8
704,7
705,4
706,2
707,5
708,8
709,8
710,2
711,0
712,8
713,7
714,4
715,6
716,3
717,8
718,4
719,9
720,4
721,8
722,8
723,1
724,8
725,8
726,1
727,2
728,6
729,5
730,5
731,0
732,7
733,9
734,1
735,0
736,1
737,0
738,1
739,3
740,5
741,7
742,0
743,7
744,3
745,7
746,2
747,6
748,2
749,3
750,9
751,0
752,9
753,1
754,2
755,2
756,6
757,8
758,2
759,1
760,3
761,6
762,6
763,0
764,1
765,2
766,4
767,9
768,5
769,2
770,6
771,9
772,6
773,5
774,0
775,2
776,3
777,6
778,0
779,6
780,9
781,1
782,7
783,6
784,7
785,8
786,3
787,9
788,6
789,8
790,3
791,0
792,0
793,5
794,7
795,7
796,1
797,3
798,7
799,2
800,7
801,1
802,2
803,7
804,4
805,4
806,8
807,6
808,0
809,0
810,2
811,2
812,7
813,2
814,0
815,8
816,9
817,3
818,8
819,8
820,8
821,2
822,0
823,8
824,7
825,3
826,7
827,6
828,2
829,3
830,1
831,6
832,2
833,5
834,2
835,3
836,1
837,3
838,9
839,2
840,7
841,0
842,7
843,2
844,1
845,2
846,2
847,0
848,2
849,4
850,5
851,9
852,8
853,1
854,0
855,5
856,7
857,0
858,7
859,8
860,4
861,6
862,6
863,3
864,0
865,1
866,6
867,7
868,0
869,1
870,3
871,1
872,4
873,2
874,3
875,0
876,2
877,6
878,4
879,7
880,8
881,3
882,6
883,0
884,9
885,0
886,0
887,1
888,5
889,6
890,4
891,6
892,7
893,5
894,1
895,1
896,3
897,7
898,5
899,3
900,3
901,6
902,6
903,5
904,2
905,7
906,1
907,6
908,8
909,8
910,5
911,3
912,3
913,4
914,0
915,1
916,4
917,8
918,8
919,0
920,6
921,9
922,6
923,5
924,0
925,3
926,8
927,6
928,0
929,0
930,4
931,2
932,3
933,3
934,7
935,2
936,2
937,4
938,1
939,8
940,9
941,1
942,7
943,6
944,0
945,5
946,0
947,1
948,3
949,8
950,3
951,9
952,2
953,1
954,4
955,7
956,8
957,6
958,7
959,8
960,9
961,1
962,1
963,6
964,5
965,3
966,6
967,9
968,1
969,9
970,1
971,4
972,2
973,1
974,0
975,0
976,6
977,8
978,8
979,9
980,6
981,1
982,5
983,4
984,7
985,8
986,3
987,1
988,2
989,0
990,1
991,5
992,8
993,7
994,5
995,5
996,8
997,1
998,3
999,8
1000,5
1001,0
1002,3
1003,4
1004,8
1005,1
1006,1
1007,0
1008,9
1009,4
1010,0
1011,8
1012,6
1013,1
1014,3
1015,4
1016,1
1017,6
1018,0
1019,0
1020,1
1021,1
1022,0
1023,0
1024,3
1025,5
1026,0
1027,0
1028,6
1029,6
1030,3
1031,3
1032,6
1033,3
1034,2
1035,6
1036,0
1037,7
1038,2
1039,6
1040,5
1041,5
1042,2
1043,0
1044,8
1045,5
1046,2
1047,8
1048,1
1049,1
1050,0
1051,7
1052,0
1053,5
1054,1
1055,5
1056,3
1057,3
1058,6
1059,8
1060,9
1061,1
1062,6
1063,4
1064,1
1065,2
1066,9
1067,0
1068,9
1069,6
1070,3
1071,6
1072,8
1073,7
1074,3
1075,8
1076,0
1077,0
1078,0
1079,6
1080,6
1081,6
1082,9
1083,2
1084,5
1085,4
1086,4
1087,6
1088,3
1089,6
1090,0
1091,8
1092,6
1093,4
1094,6
1095,2
1096,7
1097,5
1098,1
1099,2
1100,8
1101,8
1102,8
1103,0
1104,9
1105,3
1106,9
1107,7
1108,2
1109,1
1110,2
1111,8
1112,3
1113,8
1114,9
1115,1
1116,5
1117,5
1118,7
1119,7
1120,7
1121,3
1122,8
1123,3
1124,2
1125,6
1126,0
1127,8
1128,3
1129,0
1130,4
1131,9
1132,6
1133,3
1134,8
1135,6
1136,9
1137,3
1138,5
1139,8
1140,6
1141,1
1142,8
1143,6
1144,1
1145,4
1146,2
1147,6
1148,6
1149,7
1150,7
1151,2
1152,0
1153,8
1154,6
1155,9
1156,1
1157,7
1158,1
1159,8
1160,8
1161,0
1162,7
1163,5
1164,8
1165,0
1166,3
1167,3
1168,3
1169,7
1170,7
1171,9
1172,2
1173,6
1174,1
1175,9
1176,1
1177,9
1178,2
1179,3
1180,3
1181,3
1182,1
1183,0
1184,3
1185,1
1186,4
1187,1
1188,0
1189,0
1190,1
1191,1
1192,6
1193,3
1194,4
1195,6
1196,2
1197,0
1198,7
1199,9
1200,8
1201,7
1202,2
1203,8
1204,6
1205,8
1206,1
1207,8
1208,0
1209,7
1210,0
1211,6
1212,1
1213,8
1214,5
1215,7
1216,8
1217,4
1218,8
1219,2
1220,2
1221,8
1222,9
1223,0
1224,7
1225,6
1226,3
1227,5
1228,5
1229,1
1230,3
1231,9
1232,1
1233,8
1234,1
1235,5
1236,5
1237,0
1238,1
1239,3
1240,6
1241,0
1242,8
1243,8
1244,5
1245,3
1246,7
1247,2
1248,6
1249,4
1250,7
1251,1
1252,5
1253,8
1254,2
1255,4
1256,9
1257,2
1258,1
1259,8
1260,1
1261,8
1262,8
1263,8
1264,8
1265,9
1266,8
1267,4
1268,2
1269,3
1270,1
1271,8
1272,7
1273,6
1274,3
1275,3
1276,5
1277,2
1278,2
1279,5
1280,5
1281,8
1282,9
1283,5
1284,5
1285,9
1286,8
1287,9
1288,1
1289,6
1290,5
1291,9
1292,6
1293,3
1294,8
1295,0
1296,7
1297,0
1298,9
1299,0
1300,4
1301,1
1302,6
1303,4
1304,8
1305,9
1306,2
1307,0
1308,4
1309,6
1310,0
1311,8
1312,6
1313,1
1314,9
1315,2
1316,5
1317,9
1318,3
1319,2
1320,7
1321,8
1322,9
1323,8
1324,4
1325,2
1326,4
1327,6
1328,3
1329,5
1330,6
1331,8
1332,1
1333,9
1334,2
1335,1
1336,4
1337,5
1338,6
1339,5
1340,1
1341,4
1342,3
1343,0
1344,0
1345,4
1346,9
1347,8
1348,3
1349,8
1350,2
1351,7
1352,2
1353,9
1354,1
1355,3
1356,3
1357,9
1358,8
1359,9
1360,7
1361,9
1362,5
1363,1
1364,4
1365,0
1366,8
1367,2
1368,5
1369,8
1370,9
1371,1
1372,9
1373,3
1374,0
1375,4
1376,9
1377,0
1378,1
1379,7
1380,4
1381,6
1382,0
1383,8
1384,9
1385,5
1386,3
1387,9
1388,2
1389,4
1390,6
1391,2
1392,2
1393,4
1394,2
1395,3
1396,1
1397,0
1398,8
1399,0
1400,3
1401,4
1402,7
1403,6
1404,1
1405,9
1406,9
1407,8
1408,1
1409,0
1410,1
1411,4
1412,1
1413,9
1414,1
1415,7
1416,7
1417,9
1418,6
1419,8
1420,4
1421,6
1422,8
1423,4
1424,9
1425,3
1426,7
1427,9
1428,7
1429,6
1430,8
1431,6
1432,9
1433,7
1434,0
1435,1
1436,6
1437,1
1438,8
1439,5
1440,0
1441,2
1442,6
1443,4
1444,1
1445,3
1446,0
1447,8
1448,4
1449,6
1450,2
1451,6
1452,6
1453,5
1454,5
1455,6
1456,7
1457,1
1458,1
1459,8
1460,6
1461,0
1462,2
1463,0
1464,1
1465,9
1466,7
1467,1
1468,3
1469,3
1470,4
1471,8
1472,7
1473,7
1474,7
1475,9
1476,7
1477,7
1478,7
1479,3
1480,6
1481,2
1482,8
1483,6
1484,2
1485,0
1486,7
1487,9
1488,8
1489,6
1490,8
1491,6
1492,9
1493,1
1494,7
1495,0
1496,2
1497,8
1498,3
1499,8
1500,1
1501,6
1502,2
1503,3
1504,1
1505,2
1506,7
1507,8
1508,8
1509,3
1510,8
1511,1
1512,8
1513,6
1514,0
1515,2
1516,4
1517,1
1518,3
1519,6
1520,7
1521,4
1522,4
1523,7
1524,3
1525,8
1526,4
1527,3
1528,2
1529,4
1530,1
1531,7
1532,8
1533,7
1534,4
1535,3
1536,3
1537,2
1538,2
1539,2
1540,8
1541,2
1542,5
1543,5
1544,4
1545,9
1546,4
1547,0
1548,3
1549,1
1550,6
1551,2
1552,3
1553,4
1554,5
1555,0
1556,8
1557,8
1558,4
1559,5
1560,7
1561,5
1562,6
1563,9
1564,1
1565,6
1566,5
1567,2
1568,0
1569,1
1570,7
1571,5
1572,8
1573,0
1574,9
1575,2
1576,3
1577,3
1578,6
1579,0
1580,4
1581,5
1582,9
1583,9
1584,7
1585,7
1586,5
1587,0
1588,5
1589,6
1590,0
1591,1
1592,3
1593,3
1594,3
1595,6
1596,0
1597,3
1598,5
1599,5
1600,8
1601,9
1602,2
1603,0
1604,1
1605,2
1606,3
1607,9
1608,4
1609,4
1610,2
1611,3
1612,6
1613,8
1614,1
1615,7
1616,7
1617,0
1618,1
1619,4
1620,9
1621,1
1622,2
1623,4
1624,4
1625,6
1626,0
1627,9
1628,2
1629,9
1630,9
1631,1
1632,0
1633,8
1634,6
1635,7
1636,5
1637,3
1638,3
1639,9
1640,3
1641,6
1642,6
1643,9
1644,6
1645,4
1646,0
1647,7
1648,8
1649,2
1650,5
1651,0
1652,0
1653,9
1654,9
1655,8
1656,4
1657,5
1658,4
1659,8
1660,3
1661,6
1662,3
1663,6
1664,0
1665,6
1666,6
1667,6
1668,9
1669,6
1670,6
1671,8
1672,6
1673,6
1674,4
1675,5
1676,8
1677,1
1678,2
1679,7
1680,6
1681,6
1682,7
1683,0
1684,8
1685,7
1686,0
1687,0
1688,6
1689,1
1690,2
1691,8
1692,9
1693,8
1694,0
1695,9
1696,4
1697,9
1698,5
1699,7
1700,5
1701,5
1702,9
1703,5
1704,0
1705,0
1706,1
1707,9
1708,7
1709,2
1710,2
1711,1
1712,0
1713,9
1714,0
1715,5
1716,1
1717,7
1718,8
1719,0
1720,4
1721,3
1722,6
1723,5
1724,2
1725,0
1726,0
1727,9
1728,0
1729,8
1730,4
1731,3
1732,1
1733,5
1734,9
1735,0
1736,6
1737,6
1738,5
1739,9
1740,9
1741,3
1742,8
1743,1
1744,0
1745,5
1746,4
1747,9
1748,0
1749,2
1750,8
1751,1
1752,5
1753,6
1754,7
1755,7
1756,3
1757,6
1758,2
1759,3
1760,0
1761,1
1762,4
1763,2
1764,3
1765,6
1766,3
1767,2
1768,0
1769,1
1770,7
1771,4
1772,9
1773,5
1774,6
1775,3
1776,0
1777,4
1778,8
1779,5
1780,7
1781,6
1782,3
1783,8
1784,1
1785,0
1786,1
1787,0
1788,6
1789,0
1790,7
1791,6
1792,9
1793,2
1794,4
1795,6
1796,0
1797,1
1798,4
1799,0
1800,4
1801,4
1802,2
1803,6
1804,3
1805,8
1806,1
1807,5
1808,1
1809,8
1810,1
1811,1
1812,5
1813,5
1814,9
1815,9
1816,7
1817,6
1818,3
1819,0
1820,8
1821,4
1822,5
1823,4
1824,9
1825,2
1826,8
1827,4
1828,4
1829,1
1830,5
1831,9
1832,6
1833,8
1834,9
1835,0
1836,4
1837,6
1838,8
1839,7
1840,9
1841,9
1842,4
1843,8
1844,9
1845,5
1846,2
1847,5
1848,3
1849,7
1850,3
1851,0
1852,2
1853,9
1854,3
1855,5
1856,8
1857,5
1858,4
1859,3
1860,8
1861,3
1862,4
1863,8
1864,7
1865,7
1866,8
1867,4
1868,7
1869,8
1870,2
1871,8
1872,5
1873,6
1874,8
1875,0
1876,2
1877,3
1878,7
1879,0
1880,1
1881,9
1882,1
1883,3
1884,2
1885,5
1886,6
1887,3
1888,2
1889,9
1890,6
1891,8
1892,6
1893,9
1894,3
1895,8
1896,8
1897,0
1898,3
1899,7
1900,8
1901,5
1902,2
1903,0
1904,1
1905,2
1906,3
1907,1
1908,3
1909,3
1910,4
1911,4
1912,0
1913,9
1914,9
1915,9
1916,5
1917,8
1918,2
1919,4
1920,2
1921,8
1922,5
1923,8
1924,3
1925,1
1926,0
1927,1
1928,4
1929,2
1930,1
1931,6
1932,0
1933,5
1934,2
1935,3
1936,7
1937,9
1938,0
1939,5
1940,3
1941,0
1942,2
1943,8
1944,4
1945,7
1946,8
1947,3
1948,5
1949,0
1950,5
1951,7
1952,4
1953,4
1954,0
1955,7
1956,7
1957,5
1958,6
1959,0
1960,5
1961,7
1962,6
1963,0
1964,3
1965,0
1966,7
1967,7
1968,8
1969,9
1970,1
1971,4
1972,6
1973,0
1974,6
1975,6
1976,5
1977,4
1978,6
1979,6
1980,9
1981,3
1982,6
1983,3
1984,7
1985,6
1986,3
1987,9
1988,5
1989,4
1990,4
1991,1
1992,6
1993,3
1994,8
1995,2
1996,5
1997,9
1998,2
1999,5
2000,6
2001,5
2002,2
2003,3
2004,7
2005,6
2006,7
2007,8
2008,9
2009,1
2010,2
2011,2
2012,5
2013,6
2014,8
2015,4
2016,6
2017,5
2018,6
2019,9
2020,9
2021,8
2022,3
2023,3
2024,6
2025,4
2026,3
2027,3
2028,7
2029,3
2030,4
2031,1
2032,6
2033,2
2034,4
2035,6
2036,3
2037,6
2038,3
2039,8
2040,0
2041,0
2042,1
2043,8
2044,3
2045,1
2046,3
2047,5
2048,8
2049,3
2050,8
2051,5
2052,8
2053,6
2054,3
2055,5
2056,5
2057,5
2058,8
2059,8
2060,3
2061,5
2062,7
2063,1
2064,8
2065,2
2066,4
2067,7
2068,6
2069,7
2070,2
2071,9
2072,6
2073,2
2074,2
2075,4
2076,3
2077,0
2078,6
2079,0
2080,9
2081,3
2082,2
2083,5
2084,7
2085,0
2086,1
2087,0
2088,7
2089,7
2090,2
2091,0
2092,1
2093,6
2094,5
2095,0
2096,9
2097,2
2098,0
2099,1
2100,2
2101,6
2102,0
2103,1
2104,6
2105,6
2106,3
2107,5
2108,5
2109,0
2110,0
2111,1
2112,1
2113,0
2114,2
2115,5
2116,9
2117,7
2118,8
2119,6
2120,8
2121,6
2122,0
2123,2
2124,0
2125,1
2126,9
2127,4
2128,6
2129,9
2130,0
2131,4
2132,2
2133,3
2134,9
2135,8
2136,9
2137,2
2138,6
2139,8
2140,9
2141,7
2142,1
2143,9
2144,3
2145,4
2146,2
2147,7
2148,9
2149,6
2150,9
2151,5
2152,7
2153,8
2154,5
2155,9
2156,8
2157,3
2158,9
2159,4
2160,0
2161,3
2162,8
2163,7
2164,1
2165,0
2166,0
2167,7
2168,5
2169,8
2170,2
2171,3
2172,0
2173,3
2174,9
2175,4
2176,8
2177,9
2178,9
2179,1
2180,4
2181,8
2182,4
2183,4
2184,9
2185,0
2186,1
2187,3
2188,9
2189,2
2190,1
2191,6
2192,2
2193,0
2194,8
2195,2
2196,8
2197,6
2198,8
2199,2
2200,2
2201,5
2202,9
2203,6
2204,9
2205,5
2206,1
2207,3
2208,4
2209,4
2210,0
2211,7
2212,2
2213,6
2214,4
2215,0
2216,5
2217,8
2218,4
2219,2
2220,1
2221,2
2222,6
2223,0
2224,1
2225,7
2226,6
2227,8
2228,7
2229,4
2230,3
2231,3
2232,3
2233,0
2234,7
2235,2
2236,5
2237,6
2238,1
2239,7
2240,9
2241,0
2242,6
2243,3
2244,9
2245,8
2246,1
2247,5
2248,0
2249,0
2250,7
2251,6
2252,3
2253,3
2254,8
2255,8
2256,4
2257,0
2258,1
2259,5
2260,4
2261,3
2262,4
2263,6
2264,0
2265,8
2266,8
2267,6
2268,3
2269,3
2270,4
2271,9
2272,7
2273,5
2274,1
2275,6
2276,0
2277,5
2278,9
2279,9
2280,4
2281,5
2282,9
2283,3
2284,8
2285,5
2286,5
2287,2
2288,6
2289,1
2290,9
2291,5
2292,3
2293,6
2294,1
2295,8
2296,9
2297,7
2298,0
2299,3
2300,4
2301,2
2302,0
2303,2
2304,6
2305,2
2306,3
2307,9
2308,1
2309,3
2310,7
2311,7
2312,2
2313,6
2314,3
2315,2
2316,6
2317,5
2318,2
2319,7
2320,2
2321,4
2322,0
2323,8
2324,0
2325,0
2326,7
2327,0
2328,7
2329,4
2330,0
2331,7
2332,2
2333,6
2334,1
2335,2
2336,9
2337,7
2338,6
2339,2
2340,7
2341,0
2342,6
2343,2
2344,0
2345,1
2346,1
2347,8
2348,0
2349,5
2350,5
2351,1
2352,4
2353,6
2354,8
2355,0
2356,8
2357,1
2358,3
2359,2
2360,5
2361,2
2362,2
2363,6
2364,6
2365,7
2366,9
2367,4
2368,0
2369,1
2370,0
2371,4
2372,5
2373,0
2374,8
2375,0
2376,4
2377,4
2378,1
2379,0
2380,8
2381,5
2382,9
2383,2
2384,5
2385,4
2386,5
2387,9
2388,0
2389,6
2390,5
2391,2
2392,5
2393,1
2394,6
2395,7
2396,3
2397,5
2398,8
2399,8
2400,0
2401,3
2402,9
2403,2
2404,0
2405,6
2406,4
2407,9
2408,2
2409,4
2410,3
2411,0
2412,6
2413,6
2414,6
2415,6
2416,6
2417,7
2418,8
2419,4
2420,3
2421,8
2422,3
2423,6
2424,8
2425,0
2426,2
2427,3
2428,6
2429,8
2430,7
2431,8
2432,0
2433,9
2434,0
2435,2
2436,6
2437,8
2438,8
2439,1
2440,7
2441,4
2442,6
2443,2
2444,5
2445,6
2446,9
2447,3
2448,2
2449,5
2450,1
2451,8
2452,4
2453,4
2454,1
2455,3
2456,8
2457,6
2458,8
2459,5
2460,9
2461,0
2462,1
2463,0
2464,2
2465,9
2466,0
2467,9
2468,0
2469,9
2470,7
2471,8
2472,3
2473,0
2474,6
2475,6
2476,8
2477,1
2478,6
2479,6
2480,8
2481,7
2482,1
2483,2
2484,1
2485,6
2486,4
2487,5
2488,6
2489,3
2490,0
2491,9
2492,8
2493,9
2494,3
2495,8
2496,9
2497,9
2498,3
2499,6
2500,6
2501,4
2502,8
2503,8
2504,1
2505,7
2506,0
2507,0
2508,4
2509,6
2510,4
2511,1
2512,2
2513,2
2514,9
2515,2
2516,3
2517,9
2518,7
2519,4
2520,9
2521,8
2522,1
2523,3
2524,5
2525,2
2526,2
2527,8
2528,9
2529,3
2530,6
2531,2
2532,1
2533,6
2534,9
2535,6
2536,5
2537,1
2538,4
2539,8
2540,3
2541,1
2542,8
2543,0
2544,2
2545,4
2546,8
2547,2
2548,0
2549,6
2550,4
2551,2
2552,9
2553,8
2554,4
2555,7
2556,6
2557,6
2558,2
2559,7
2560,7
2561,6
2562,4
2563,2
2564,2
2565,3
2566,2
2567,5
2568,4
2569,0
2570,0
2571,9
2572,6
2573,3
2574,8
2575,7
2576,2
2577,4
2578,8
2579,8
2580,6
2581,6
2582,5
2583,7
2584,6
2585,5
2586,3
2587,0
2588,4
2589,0
2590,3
2591,8
2592,4
2593,8
2594,0
2595,4
2596,0
2597,2
2598,2
2599,3
2600,8
2601,1
2602,6
2603,0
2604,8
2605,7
2606,5
2607,1
2608,2
2609,5
2610,2
2611,4
2612,3
2613,2
2614,0
2615,7
2616,1
2617,5
2618,5
2619,4
2620,1
2621,8
2622,0
2623,8
2624,8
2625,2
2626,7
2627,7
2628,0
2629,4
2630,2
2631,4
2632,6
2633,3
2634,9
2635,3
2636,1
2637,6
2638,4
2639,6
2640,7
2641,4
2642,3
2643,7
2644,8
2645,1
2646,3
2647,1
2648,3
2649,6
2650,3
2651,8
2652,7
2653,4
2654,5
2655,0
2656,9
2657,5
2658,7
2659,2
2660,5
2661,5
2662,6
2663,7
2664,4
2665,1
2666,6
2667,1
2668,0
2669,6
2670,9
2671,6
2672,0
2673,2
2674,0
2675,5
2676,3
2677,7
2678,0
2679,0
2680,0
2681,0
2682,7
2683,5
2684,3
2685,2
2686,7
2687,8
2688,3
2689,6
2690,8
2691,2
2692,8
2693,9
2694,1
2695,6
2696,2
2697,0
2698,3
2699,4
2700,1
2701,9
2702,6
2703,0
2704,0
2705,8
2706,3
2707,6
2708,5
2709,6
2710,7
2711,5
2712,1
2713,8
2714,8
2715,0
2716,3
2717,2
2718,7
2719,3
2720,3
2721,0
2722,4
2723,2
2724,0
2725,8
2726,5
2727,9
2728,8
2729,3
2730,6
2731,5
2732,7
2733,3
2734,7
2735,6
2736,9
2737,0
2738,6
2739,2
2740,1
2741,6
2742,2
2743,9
2744,9
2745,8
2746,2
2747,5
2748,1
2749,0
2750,5
2751,2
2752,3
2753,7
2754,1
2755,7
2756,3
2757,1
2758,1
2759,3
2760,2
2761,7
2762,2
2763,4
2764,1
2765,9
2766,4
2767,3
2768,2
2769,9
2770,4
2771,7
2772,6
2773,1
2774,2
2775,5
2776,7
2777,3
2778,4
2779,3
2780,7
2781,4
2782,0
2783,0
2784,1
2785,2
2786,7
2787,3
2788,2
2789,9
2790,8
2791,7
2792,0
2793,9
2794,0
2795,3
2796,7
2797,6
2798,5
2799,8
2800,4
2801,5
2802,6
2803,5
2804,5
2805,4
2806,2
2807,9
2808,2
2809,3
2810,5
2811,2
2812,0
2813,1
2814,9
2815,8
2816,4
2817,9
2818,6
2819,1
2820,6
2821,7
2822,5
2823,3
2824,7
2825,6
2826,4
2827,5
2828,2
2829,6
2830,6
2831,3
2832,3
2833,0
2834,2
2835,3
2836,3
2837,8
2838,1
2839,2
2840,3
2841,2
2842,7
2843,9
2844,4
2845,4
2846,6
2847,8
2848,6
2849,6
2850,5
2851,4
2852,2
2853,9
2854,3
2855,5
2856,2
2857,0
2858,4
2859,7
2860,5
2861,5
2862,6
2863,6
2864,5
2865,6
2866,9
2867,7
2868,8
2869,4
2870,8
2871,6
2872,1
2873,9
2874,9
2875,8
2876,9
2877,0
2878,3
2879,8
2880,4
2881,7
2882,7
2883,2
2884,6
2885,5
2886,3
2887,9
2888,4
2889,5
2890,5
2891,3
2892,0
2893,8
2894,6
2895,3
2896,8
2897,3
2898,8
2899,9
2900,7
2901,2
2902,9
2903,2
2904,7
2905,4
2906,9
2907,1
2908,7
2909,0
2910,2
2911,1
2912,4
2913,0
2914,6
2915,5
2916,0
2917,4
2918,2
2919,8
2920,2
2921,8
2922,3
2923,3
2924,1
2925,4
2926,9
2927,8
2928,1
2929,1
2930,5
2931,9
2932,9
2933,4
2934,6
2935,0
2936,5
2937,3
2938,2
2939,2
2940,0
2941,5
2942,5
2943,9
2944,9
2945,7
2946,9
2947,1
2948,0
2949,4
2950,9
2951,0
2952,3
2953,8
2954,9
2955,5
2956,0
2957,2
2958,8
2959,4
2960,9
2961,4
2962,8
2963,3
2964,0
2965,7
2966,0
2967,7
2968,0
2969,5
2970,7
2971,4
2972,3
2973,0
2974,9
2975,1
2976,0
2977,6
2978,2
2979,0
2980,8
2981,5
2982,4
2983,5
2984,2
2985,8
2986,8
2987,5
2988,3
2989,6
2990,4
2991,3
2992,8
2993,0
2994,8
2995,4
2996,8
2997,2
2998,5
2999,6
3000,5
3001,1
3002,7
3003,2
3004,4
3005,0
3006,5
3007,6
3008,8
3009,7
3010,6
3011,3
3012,5
3013,5
3014,8
3015,6
3016,2
3017,5
3018,5
3019,5
3020,1
3021,8
3022,7
3023,2
3024,0
3025,6
3026,7
3027,1
3028,1
3029,9
3030,6
3031,7
3032,6
3033,1
3034,2
3035,3
3036,9
3037,8
3038,0
3039,1
3040,7
3041,4
3042,8
3043,2
3044,7
3045,5
3046,8
3047,6
3048,0
3049,3
3050,0
3051,8
3052,2
3053,3
3054,0
3055,9
3056,6
3057,6
3058,1
3059,0
3060,7
3061,7
3062,9
3063,2
3064,1
3065,4
3066,0
3067,4
3068,0
3069,3
3070,0
3071,7
3072,8
3073,5
3074,1
3075,3
3076,2
3077,1
3078,8
3079,8
3080,1
3081,9
3082,7
3083,3
3084,6
3085,2
3086,9
3087,0
3088,6
3089,8
3090,4
3091,1
3092,7
3093,3
3094,0
3095,6
3096,7
3097,7
3098,4
3099,9
3100,0
3101,7
3102,0
3103,6
3104,7
3105,9
3106,8
3107,5
3108,8
3109,8
3110,3
3111,0
3112,0
3113,4
3114,8
3115,2
3116,7
3117,0
3118,6
3119,6
3120,2
3121,9
3122,1
3123,8
3124,6
3125,3
3126,9
3127,4
3128,9
3129,3
3130,3
3131,5
3132,5
3133,9
3134,7
3135,5
3136,4
3137,5
3138,8
3139,2
3140,8
3141,9
3142,5
3143,3
3144,1
3145,9
3146,3
3147,2
3148,0
3149,1
3150,1
3151,8
3152,1
3153,1
3154,9
3155,8
3156,9
3157,9
3158,0
3159,2
3160,6
3161,9
3162,1
3163,9
3164,2
3165,1
3166,9
3167,2
3168,4
3169,9
3170,9
3171,1
3172,9
3173,9
3174,2
3175,1
3176,7
3177,0
3178,7
3179,6
3180,3
3181,9
3182,8
3183,3
3184,0
3185,6
3186,4
3187,7
3188,3
3189,8
3190,3
3191,0
3192,4
3193,4
3194,3
3195,5
3196,5
3197,6
3198,6
3199,6
3200,5
3201,6
3202,5
3203,4
3204,3
3205,8
3206,8
3207,0
3208,9
3209,3
3210,9
3211,0
3212,6
3213,9
3214,3
3215,1
3216,5
3217,7
3218,9
3219,6
3220,5
3221,5
3222,4
3223,7
3224,6
3225,9
3226,0
3227,2
3228,3
3229,8
3230,5
3231,3
3232,7
3233,8
3234,3
3235,3
3236,5
3237,9
3238,6
3239,1
3240,0
3241,7
3242,3
3243,8
3244,7
3245,7
3246,8
3247,5
3248,0
3249,3
3250,2
3251,5
3252,4
3253,9
3254,3
3255,5
3256,4
3257,7
3258,3
3259,3
3260,7
3261,0
3262,2
3263,1
3264,0
3265,8
3266,7
3267,3
3268,5
3269,7
3270,8
3271,6
3272,7
3273,8
3274,9
3275,4
3276,7
3277,7
3278,0
3279,8
3280,3
3281,2
3282,9
3283,3
3284,4
3285,1
3286,6
3287,7
3288,9
3289,8
3290,5
3291,5
3292,2
3293,1
3294,0
3295,9
3296,4
3297,3
3298,3
3299,0
3300,6
3301,8
3302,0
3303,8
3304,2
3305,9
3306,4
3307,9
3308,7
3309,4
3310,6
3311,7
3312,5
3313,2
3314,9
3315,3
3316,7
3317,7
3318,9
3319,2
3320,7
3321,0
3322,2
3323,5
3324,9
3325,9
3326,4
3327,6
3328,2
3329,3
3330,5
3331,8
3332,7
3333,2
3334,5
3335,9
3336,9
3337,7
3338,0
3339,3
3340,6
3341,1
3342,4
3343,7
3344,9
3345,7
3346,0
3347,9
3348,1
3349,6
3350,8
3351,1
3352,2
3353,3
3354,8
3355,2
3356,2
3357,8
3358,1
3359,3
3360,4
3361,6
3362,1
3363,3
3364,4
3365,9
3366,8
3367,7
3368,9
3369,3
3370,1
3371,2
3372,1
3373,3
3374,6
3375,4
3376,5
3377,7
3378,7
3379,3
3380,8
3381,5
3382,4
3383,8
3384,5
3385,8
3386,2
3387,6
3388,6
3389,1
3390,5
3391,3
3392,9
3393,5
3394,1
3395,9
3396,0
3397,9
3398,0
3399,0
3400,6
3401,2
3402,6
3403,8
3404,5
3405,7
3406,6
3407,1
3408,2
3409,9
3410,4
3411,3
3412,0
3413,3
3414,2
3415,7
3416,0
3417,2
3418,1
3419,4
3420,5
3421,0
3422,6
3423,8
3424,5
3425,0
3426,0
3427,6
3428,2
3429,0
3430,8
3431,4
3432,5
3433,4
3434,5
3435,6
3436,7
3437,7
3438,9
3439,6
3440,3
3441,0
3442,6
3443,2
3444,0
3445,0
3446,3
3447,4
3448,6
3449,1
3450,1
3451,5
3452,5
3453,2
3454,2
3455,6
3456,3
3457,7
3458,5
3459,6
3460,1
3461,5
3462,2
3463,1
3464,9
3465,6
3466,5
3467,0
3468,2
3469,9
3470,7
3471,1
3472,9
3473,2
3474,2
3475,0
3476,2
3477,6
3478,4
3479,3
3480,2
3481,5
3482,7
3483,0
3484,4
3485,8
3486,6
3487,5
3488,1
3489,3
3490,0
3491,3
3492,9
3493,0
3494,0
3495,2
3496,0
3497,0
3498,2
3499,0
3500,9
3501,1
3502,8
3503,4
3504,9
3505,4
3506,2
3507,4
3508,3
3509,8
3510,4
3511,0
3512,6
3513,3
3514,7
3515,8
3516,9
3517,3
3518,5
3519,3
3520,1
3521,8
3522,2
3523,6
3524,4
3525,2
3526,6
3527,1
3528,1
3529,3
3530,6
3531,9
3532,5
3533,2
3534,5
3535,5
3536,0
3537,8
3538,2
3539,9
3540,6
3541,2
3542,9
3543,6
3544,1
3545,4
3546,5
3547,9
3548,0
3549,1
3550,4
3551,0
3552,8
3553,1
3554,1
3555,6
3556,6
3557,3
3558,5
3559,2
3560,9
3561,5
3562,8
3563,6
3564,0
3565,1
3566,7
3567,6
3568,0
3569,6
3570,5
3571,3
3572,3
3573,2
3574,9
3575,4
3576,4
3577,1
3578,7
3579,1
3580,8
3581,4
3582,6
3583,1
3584,5
3585,8
3586,8
3587,5
3588,6
3589,7
3590,7
3591,6
3592,7
3593,2
3594,5
3595,2
3596,4
3597,6
3598,2
3599,7
3600,2
3601,2
3602,1
3603,6
3604,2
3605,4
3606,3
3607,2
3608,9
3609,9
3610,3
3611,1
3612,1
3613,5
3614,3
3615,0
3616,2
3617,4
3618,3
3619,1
3620,0
3621,4
3622,3
3623,5
3624,4
3625,0
3626,9
3627,3
3628,3
3629,1
3630,8
3631,0
3632,0
3633,3
3634,3
3635,7
3636,4
3637,6
3638,9
3639,7
3640,6
3641,8
3642,1
3643,8
3644,9
3645,9
3646,6
3647,1
3648,7
3649,3
3650,0
3651,0
3652,2
3653,0
3654,3
3655,1
3656,2
3657,7
3658,4
3659,6
3660,0
3661,1
3662,6
3663,1
3664,6
3665,7
3666,5
3667,5
3668,2
3669,3
3670,9
3671,4
3672,0
3673,8
3674,3
3675,4
3676,9
3677,7
3678,1
3679,0
3680,0
3681,2
3682,4
3683,3
3684,9
3685,2
3686,8
3687,1
3688,3
3689,7
3690,1
3691,1
3692,4
3693,8
3694,2
3695,8
3696,2
3697,4
3698,8
3699,9
3700,5
3701,1
3702,1
3703,6
3704,5
3705,8
3706,4
3707,6
3708,6
3709,5
3710,2
3711,4
3712,4
3713,5
3714,3
3715,1
3716,6
3717,6
3718,8
3719,5
3720,2
3721,0
3722,7
3723,1
3724,5
3725,2
3726,7
3727,9
3728,3
3729,8
3730,1
3731,6
3732,9
3733,2
3734,5
3735,2
3736,2
3737,2
3738,9
3739,7
3740,0
3741,3
3742,9
3743,5
3744,4
3745,1
3746,6
3747,9
3748,5
3749,8
3750,9
3751,7
3752,1
3753,3
3754,0
3755,3
3756,7
3757,0
3758,2
3759,4
3760,7
3761,8
3762,9
3763,8
3764,1
3765,8
3766,7
3767,6
3768,1
3769,9
3770,9
3771,0
3772,1
3773,5
3774,3
3775,6
3776,9
3777,7
3778,4
3779,3
3780,6
3781,2
3782,3
3783,2
3784,5
3785,6
3786,7
3787,3
3788,7
3789,3
3790,4
3791,2
3792,0
3793,5
3794,1
3795,4
3796,5
3797,6
3798,5
3799,7
3800,9
3801,2
3802,7
3803,8
3804,5
3805,9
3806,2
3807,1
3808,5
3809,7
3810,5
3811,7
3812,9
3813,8
3814,1
3815,4
3816,4
3817,8
3818,9
3819,5
3820,0
3821,8
3822,4
3823,0
3824,2
3825,0
3826,1
3827,4
3828,0
3829,8
3830,5
3831,5
3832,7
3833,9
3834,8
3835,5
3836,7
3837,9
3838,1
3839,5
3840,3
3841,9
3842,8
3843,4
3844,2
3845,0
3846,9
3847,0
3848,8
3849,2
3850,9
3851,6
3852,2
3853,2
3854,8
3855,1
3856,1
3857,1
3858,8
3859,6
3860,7
3861,6
3862,4
3863,0
3864,3
3865,7
3866,0
3867,3
3868,5
3869,8
3870,8
3871,8
3872,7
3873,9
3874,4
3875,3
3876,7
3877,4
3878,7
3879,0
3880,6
3881,7
3882,9
3883,7
3884,5
3885,6
3886,8
3887,4
3888,6
3889,6
3890,7
3891,1
3892,6
3893,9
3894,7
3895,1
3896,7
3897,0
3898,1
3899,6
3900,6
3901,8
3902,9
3903,0
3904,1
3905,2
3906,3
3907,2
3908,2
3909,5
3910,2
3911,9
3912,8
3913,7
3914,2
3915,2
3916,9
3917,0
3918,6
3919,7
3920,7
3921,9
3922,6
3923,3
3924,5
3925,1
3926,9
3927,0
3928,6
3929,3
3930,1
3931,5
3932,6
3933,2
3934,2
3935,4
3936,6
3937,8
3938,8
3939,9
3940,6
3941,6
3942,1
3943,0
3944,7
3945,3
3946,8
3947,4
3948,1
3949,7
3950,8
3951,1
3952,2
3953,7
3954,5
3955,0
3956,3
3957,8
3958,9
3959,5
3960,2
3961,8
3962,4
3963,5
3964,9
3965,0
3966,2
3967,4
3968,8
3969,2
3970,4
3971,0
3972,7
3973,9
3974,8
3975,7
3976,1
3977,6
3978,2
3979,9
3980,2
3981,3
3982,9
3983,9
3984,6
3985,7
3986,7
3987,1
3988,1
3989,6
3990,2
3991,2
3992,0
3993,6
3994,8
3995,9
3996,6
3997,2
3998,2
3999,1
4000,4
4001,2
4002,7
4003,0
4004,0
4005,5
4006,8
4007,6
4008,8
4009,2
4010,7
4011,9
4012,3
4013,3
4014,8
4015,1
4016,6
4017,5
4018,9
4019,7
4020,8
4021,9
4022,6
4023,3
4024,8
4025,1
4026,9
4027,4
4028,0
4029,6
4030,1
4031,4
4032,5
4033,6
4034,2
4035,2
4036,0
4037,0
4038,0
4039,7
4040,0
4041,7
4042,0
4043,3
4044,6
4045,7
4046,7
4047,4
4048,7
4049,4
4050,3
4051,1
4052,5
4053,4
4054,0
4055,1
4056,0
4057,7
4058,3
4059,1
4060,6
4061,5
4062,0
4063,7
4064,7
4065,4
4066,2
4067,1
4068,8
4069,5
4070,9
4071,3
4072,5
4073,6
4074,2
4075,2
4076,7
4077,5
4078,5
4079,8
4080,1
4081,0
4082,6
4083,8
4084,7
4085,7
4086,8
4087,5
4088,7
4089,3
4090,4
4091,9
4092,7
4093,3
4094,5
4095,8
4096,8
4097,6
4098,0
4099,3
4100,7
4101,2
4102,0
4103,0
4104,0
4105,7
4106,8
4107,2
4108,2
4109,3
4110,2
4111,3
4112,6
4113,0
4114,4
4115,8
4116,2
4117,4
4118,0
4119,6
4120,4
4121,5
4122,6
4123,0
4124,8
4125,2
4126,0
4127,6
4128,1
4129,1
4130,6
4131,1
4132,4
4133,2
4134,3
4135,5
4136,2
4137,6
4138,4
4139,4
4140,3
4141,8
4142,8
4143,5
4144,1
4145,8
4146,2
4147,2
4148,6
4149,9
4150,6
4151,6
4152,6
4153,0
4154,7
4155,3
4156,3
4157,2
4158,7
4159,4
4160,5
4161,6
4162,0
4163,6
4164,1
4165,8
4166,2
4167,0
4168,9
4169,3
4170,1
4171,0
4172,5
4173,4
4174,2
4175,3
4176,3
4177,6
4178,7
4179,6
4180,0
4181,0
4182,5
4183,7
4184,2
4185,7
4186,7
4187,0
4188,6
4189,1
4190,7
4191,9
4192,9
4193,0
4194,0
4195,3
4196,8
4197,4
4198,0
4199,8
4200,2
4201,1
4202,0
4203,4
4204,6
4205,4
4206,1
4207,1
4208,2
4209,7
4210,5
4211,4
4212,1
4213,4
4214,7
4215,9
4216,0
4217,0
4218,9
4219,0
4220,0
4221,2
4222,8
4223,0
4224,5
4225,5
4226,0
4227,4
4228,0
4229,8
4230,6
4231,2
4232,5
4233,9
4234,2
4235,9
4236,1
4237,1
4238,3
4239,2
4240,7
4241,5
4242,0
4243,6
4244,7
4245,1
4246,5
4247,5
4248,5
4249,3
4250,1
4251,1
4252,9
4253,9
4254,8
4255,7
4256,8
4257,6
4258,8
4259,5
4260,8
4261,9
4262,4
4263,6
4264,4
4265,6
4266,3
4267,9
4268,4
4269,0
4270,0
4271,1
4272,7
4273,3
4274,1
4275,2
4276,9
4277,3
4278,1
4279,6
4280,0
4281,2
4282,3
4283,6
4284,9
4285,6
4286,0
4287,6
4288,1
4289,7
4290,2
4291,2
4292,1
4293,9
4294,0
4295,0
4296,8
4297,9
4298,9
4299,0
4300,8
4301,4
4302,3
4303,5
4304,5
4305,0
4306,3
4307,2
4308,0
4309,2
4310,7
4311,7
4312,2
4313,3
4314,1
4315,0
4316,8
4317,8
4318,1
4319,6
4320,1
4321,5
4322,4
4323,5
4324,9
4325,6
4326,7
4327,1
4328,0
4329,6
4330,9
4331,3
4332,7
4333,7
4334,3
4335,9
4336,9
4337,9
4338,9
4339,7
4340,0
4341,1
4342,3
4343,5
4344,4
4345,2
4346,3
4347,8
4348,8
4349,0
4350,4
4351,8
4352,3
4353,6
4354,3
4355,3
4356,0
4357,4
4358,5
4359,2
4360,6
4361,8
4362,4
4363,9
4364,9
4365,9
4366,2
4367,0
4368,6
4369,2
4370,8
4371,1
4372,1
4373,0
4374,0
4375,4
4376,2
4377,4
4378,1
4379,1
4380,9
4381,7
4382,7
4383,4
4384,5
4385,8
4386,2
4387,0
4388,2
4389,8
4390,5
4391,2
4392,3
4393,3
4394,5
4395,7
4396,9
4397,8
4398,3
4399,4
4400,3
4401,1
4402,4
4403,8
4404,4
4405,6
4406,5
4407,3
4408,1
4409,8
4410,9
4411,3
4412,7
4413,6
4414,2
4415,0
4416,2
4417,9
4418,9
4419,0
4420,5
4421,2
4422,3
4423,2
4424,1
4425,1
4426,0
4427,2
4428,8
4429,2
4430,1
4431,1
4432,2
4433,5
4434,2
4435,3
4436,4
4437,1
4438,2
4439,9
4440,2
4441,1
4442,5
4443,4
4444,8
4445,9
4446,8
4447,8
4448,6
4449,9
4450,0
4451,0
4452,2
4453,0
4454,6
4455,8
4456,7
4457,3
4458,6
4459,8
4460,9
4461,0
4462,5
4463,5
4464,3
4465,6
4466,1
4467,3
4468,8
4469,3
4470,8
4471,2
4472,4
4473,4
4474,8
4475,1
4476,3
4477,6
4478,1
4479,7
4480,9
4481,1
4482,6
4483,2
4484,4
4485,7
4486,8
4487,3
4488,4
4489,7
4490,0
4491,4
4492,8
4493,4
4494,8
4495,5
4496,8
4497,8
4498,8
4499,2
4500,3
4501,5
4502,7
4503,3
4504,0
4505,4
4506,1
4507,5
4508,8
4509,7
4510,0
4511,6
4512,8
4513,3
4514,9
4515,0
4516,1
4517,8
4518,9
4519,2
4520,3
4521,3
4522,2
4523,4
4524,2
4525,3
4526,5
4527,5
4528,4
4529,4
4530,5
4531,1
4532,1
4533,8
4534,2
4535,2
4536,9
4537,6
4538,7
4539,8
4540,9
4541,2
4542,3
4543,1
4544,7
4545,3
4546,2
4547,5
4548,0
4549,1
4550,5
4551,3
4552,5
4553,3
4554,4
4555,3
4556,2
4557,0
4558,0
4559,6
4560,1
4561,5
4562,5
4563,7
4564,4
4565,3
4566,8
4567,4
4568,8
4569,9
4570,1
4571,4
4572,4
4573,4
4574,2
4575,6
4576,4
4577,3
4578,4
4579,6
4580,6
4581,3
4582,8
4583,7
4584,0
4585,0
4586,0
4587,5
4588,9
4589,3
4590,2
4591,0
4592,7
4593,2
4594,1
4595,9
4596,7
4597,9
4598,1
4599,9
4600,4
4601,2
4602,1
4603,4
4604,4
4605,3
4606,6
4607,1
4608,4
4609,8
4610,3
4611,1
4612,7
4613,1
4614,4
4615,2
4616,4
4617,3
4618,6
4619,9
4620,7
4621,8
4622,4
4623,3
4624,5
4625,4
4626,5
4627,4
4628,5
4629,7
4630,3
4631,5
4632,3
4633,1
4634,3
4635,7
4636,8
4637,3
4638,6
4639,0
4640,2
4641,5
4642,2
4643,2
4644,7
4645,4
4646,3
4647,1
4648,6
4649,8
4650,6
4651,8
4652,3
4653,2
4654,7
4655,5
4656,9
4657,7
4658,1
4659,4
4660,3
4661,5
4662,6
4663,1
4664,7
4665,3
4666,0
4667,0
4668,6
4669,6
4670,8
4671,6
4672,6
4673,0
4674,3
4675,4
4676,7
4677,4
4678,0
4679,4
4680,9
4681,1
4682,5
4683,4
4684,1
4685,4
4686,0
4687,3
4688,7
4689,1
4690,2
4691,6
4692,8
4693,4
4694,7
4695,8
4696,6
4697,6
4698,6
4699,6
4700,6
4701,0
4702,6
4703,7
4704,9
4705,6
4706,2
4707,7
4708,3
4709,9
4710,3
4711,9
4712,4
4713,1
4714,6
4715,9
4716,9
4717,3
4718,3
4719,9
4720,0
4721,1
4722,3
4723,9
4724,5
4725,9
4726,0
4727,9
4728,7
4729,7
4730,2
4731,4
4732,2
4733,6
4734,4
4735,8
4736,1
4737,9
4738,3
4739,6
4740,3
4741,1
4742,8
4743,6
4744,0
4745,7
4746,6
4747,5
4748,1
4749,3
4750,3
4751,6
4752,1
4753,9
4754,8
4755,1
4756,6
4757,4
4758,6
4759,0
4760,2
4761,9
4762,1
4763,0
4764,5
4765,3
4766,1
4767,6
4768,9
4769,8
4770,9
4771,0
4772,6
4773,1
4774,6
4775,2
4776,3
4777,5
4778,6
4779,9
4780,0
4781,7
4782,2
4783,8
4784,0
4785,3
4786,8
4787,8
4788,2
4789,9
4790,1
4791,8
4792,0
4793,6
4794,2
4795,3
4796,9
4797,5
4798,4
4799,1
4800,9
4801,7
4802,0
4803,7
4804,3
4805,3
4806,1
4807,8
4808,5
4809,0
4810,5
4811,0
4812,8
4813,8
4814,3
4815,1
4816,6
4817,0
4818,3
4819,5
4820,5
4821,4
4822,1
4823,8
4824,0
4825,7
4826,3
4827,9
4828,2
4829,5
4830,3
4831,1
4832,6
4833,6
4834,3
4835,9
4836,9
4837,7
4838,1
4839,7
4840,0
4841,1
4842,2
4843,1
4844,3
4845,3
4846,8
4847,2
4848,1
4849,5
4850,1
4851,9
4852,9
4853,7
4854,0
4855,1
4856,7
4857,6
4858,2
4859,6
4860,5
4861,1
4862,3
4863,1
4864,3
4865,3
4866,9
4867,9
4868,0
4869,8
4870,9
4871,5
4872,9
4873,3
4874,9
4875,1
4876,6
4877,6
4878,7
4879,6
4880,8
4881,8
4882,6
4883,2
4884,4
4885,2
4886,3
4887,2
4888,5
4889,3
4890,1
4891,6
4892,4
4893,1
4894,2
4895,1
4896,7
4897,1
4898,6
4899,2
4900,9
4901,0
4902,2
4903,2
4904,9
4905,7
4906,3
4907,5
4908,6
4909,0
4910,9
4911,8
4912,1
4913,1
4914,3
4915,5
4916,6
4917,3
4918,3
4919,8
4920,7
4921,0
4922,1
4923,7
4924,7
4925,3
4926,5
4927,1
4928,9
4929,1
4930,1
4931,1
4932,9
4933,3
4934,5
4935,5
4936,3
4937,0
4938,2
4939,0
4940,6
4941,6
4942,3
4943,4
4944,8
4945,9
4946,4
4947,3
4948,1
4949,1
4950,2
4951,6
4952,9
4953,0
4954,0
4955,8
4956,5
4957,4
4958,4
4959,7
4960,4
4961,8
4962,5
4963,3
4964,3
4965,4
4966,5
4967,2
4968,0
4969,1
4970,6
4971,9
4972,8
4973,9
4974,7
4975,3
4976,5
4977,9
4978,1
4979,9
4980,9
4981,0
4982,7
4983,6
4984,3
4985,5
4986,8
4987,6
4988,5
4989,6
4990,5
4991,0
4992,1
4993,7
4994,7
4995,5
4996,3
4997,3
4998,5
4999,1
5000,7
5001,6
5002,8
5003,2
5004,4
5005,3
5006,4
5007,3
5008,4
5009,2
5010,7
5011,5
5012,6
5013,2
5014,7
5015,2
5016,6
5017,7
5018,4
5019,1
5020,8
5021,0
5022,2
5023,4
5024,1
5025,5
5026,4
5027,0
5028,9
5029,6
5030,4
5031,0
5032,2
5033,5
5034,8
5035,5
5036,0
5037,0
5038,4
5039,6
5040,8
5041,6
5042,2
5043,0
5044,5
5045,9
5046,6
5047,5
5048,9
5049,7
5050,3
5051,9
5052,2
5053,4
5054,9
5055,0
5056,6
5057,7
5058,1
5059,0
5060,6
5061,1
5062,3
5063,9
5064,5
5065,0
5066,4
5067,1
5068,2
5069,9
5070,3
5071,3
5072,2
5073,8
5074,0
5075,6
5076,5
5077,0
5078,8
5079,1
5080,7
5081,5
5082,6
5083,1
5084,3
5085,6
5086,7
5087,9
5088,5
5089,6
5090,9
5091,0
5092,9
5093,8
5094,9
5095,8
5096,0
5097,3
5098,9
5099,3
5100,3
5101,3
5102,6
5103,4
5104,8
5105,7
5106,2
5107,9
5108,1
5109,9
5110,8
5111,6
5112,6
5113,4
5114,7
5115,6
5116,6
5117,7
5118,8
5119,7
5120,0
5121,6
5122,6
5123,7
5124,0
5125,1
5126,0
5127,1
5128,3
5129,6
5130,4
5131,6
5132,1
5133,2
5134,6
5135,1
5136,9
5137,9
5138,8
5139,6
5140,8
5141,6
5142,8
5143,9
5144,1
5145,4
5146,0
5147,3
5148,3
5149,6
5150,4
5151,0
5152,9
5153,7
5154,2
5155,3
5156,5
5157,6
5158,4
5159,4
5160,0
5161,3
5162,3
5163,4
5164,0
5165,2
5166,0
5167,2
5168,7
5169,2
5170,9
5171,2
5172,5
5173,0
5174,2
5175,6
5176,2
5177,4
5178,5
5179,5
5180,9
5181,1
5182,1
5183,2
5184,6
5185,3
5186,5
5187,4
5188,8
5189,0
5190,0
5191,3
5192,1
5193,2
5194,7
5195,4
5196,2
5197,0
5198,0
5199,6
5200,3
5201,1
5202,9
5203,6
5204,3
5205,8
5206,9
5207,2
5208,4
5209,7
5210,5
5211,3
5212,3
5213,9
5214,1
5215,1
5216,6
5217,1
5218,3
5219,2
5220,0
5221,7
5222,5
5223,0
5224,3
5225,0
5226,1
5227,4
5228,3
5229,5
5230,8
5231,4
5232,5
5233,9
5234,7
5235,6
5236,0
5237,4
5238,0
5239,0
5240,9
5241,6
5242,0
5243,1
5244,2
5245,1
5246,7
5247,7
5248,9
5249,8
5250,7
5251,5
5252,4
5253,0
5254,9
5255,0
5256,0
5257,8
5258,6
5259,8
5260,0
5261,7
5262,4
5263,8
5264,6
5265,2
5266,4
5267,6
5268,3
5269,5
5270,1
5271,5
5272,7
5273,7
5274,2
5275,2
5276,9
5277,9
5278,2
5279,9
5280,7
5281,6
5282,4
5283,2
5284,6
5285,1
5286,6
5287,5
5288,4
5289,2
5290,2
5291,9
5292,4
5293,0
5294,8
5295,0
5296,3
5297,6
5298,2
5299,7
5300,9
5301,7
5302,0
5303,5
5304,7
5305,7
5306,3
5307,1
5308,9
5309,3
5310,0
5311,3
5312,5
5313,3
5314,6
5315,9
5316,4
5317,4
5318,1
5319,7
5320,5
5321,1
5322,4
5323,1
5324,8
5325,8
5326,7
5327,0
5328,6
5329,8
5330,4
5331,2
5332,9
5333,7
5334,6
5335,1
5336,3
5337,5
5338,8
5339,0
5340,0
5341,6
5342,8
5343,3
5344,3
5345,4
5346,4
5347,1
5348,1
5349,3
5350,9
5351,7
5352,3
5353,1
5354,8
5355,8
5356,7
5357,0
5358,9
5359,6
5360,9
5361,3
5362,2
5363,7
5364,7
5365,8
5366,9
5367,0
5368,3
5369,4
5370,3
5371,7
5372,5
5373,1
5374,0
5375,1
5376,5
5377,3
5378,1
5379,2
5380,9
5381,5
5382,0
5383,8
5384,6
5385,3
5386,1
5387,4
5388,6
5389,4
5390,1
5391,9
5392,0
5393,7
5394,1
5395,0
5396,1
5397,8
5398,8
5399,8
5400,9
5401,0
5402,4
5403,7
5404,2
5405,0
5406,7
5407,7
5408,0
5409,1
5410,5
5411,6
5412,6
5413,5
5414,4
5415,4
5416,1
5417,4
5418,8
5419,6
5420,6
5421,6
5422,1
5423,6
5424,3
5425,6
5426,2
5427,8
5428,6
5429,6
5430,7
5431,1
5432,9
5433,5
5434,6
5435,7
5436,6
5437,0
5438,4
5439,1
5440,9
5441,5
5442,2
5443,6
5444,7
5445,7
5446,6
5447,5
5448,9
5449,1
5450,5
5451,6
5452,0
5453,2
5454,0
5455,6
5456,0
5457,8
5458,5
5459,3
5460,0
5461,3
5462,0
5463,5
5464,7
5465,7
5466,8
5467,3
5468,2
5469,3
5470,1
5471,6
5472,1
5473,5
5474,1
5475,0
5476,6
5477,2
5478,3
5479,2
5480,1
5481,2
5482,5
5483,1
5484,9
5485,8
5486,3
5487,3
5488,3
5489,7
5490,5
5491,0
5492,2
5493,3
5494,9
5495,4
5496,6
5497,2
5498,1
5499,6
5500,8
5501,6
5502,6
5503,8
5504,5
5505,4
5506,4
5507,6
5508,5
5509,7
5510,3
5511,6
5512,9
5513,6
5514,2
5515,2
5516,0
5517,1
5518,3
5519,6
5520,6
5521,9
5522,2
5523,6
5524,0
5525,4
5526,8
5527,7
5528,7
5529,8
5530,3
5531,8
5532,5
5533,2
5534,2
5535,3
5536,6
5537,2
5538,9
5539,3
5540,5
5541,7
5542,9
5543,0
5544,3
5545,6
5546,7
5547,2
5548,8
5549,3
5550,6
5551,7
5552,5
5553,5
5554,9
5555,4
5556,6
5557,4
5558,7
5559,2
5560,5
5561,6
5562,4
5563,1
5564,6
5565,3
5566,1
5567,6
5568,7
5569,0
5570,5
5571,2
5572,9
5573,9
5574,7
5575,3
5576,5
5577,2
5578,3
5579,9
5580,5
5581,6
5582,5
5583,0
5584,0
5585,0
5586,8
5587,0
5588,3
5589,2
5590,2
5591,5
5592,3
5593,7
5594,9
5595,6
5596,9
5597,8
5598,9
5599,2
5600,3
5601,7
5602,4
5603,5
5604,1
5605,3
5606,7
5607,0
5608,9
5609,3
5610,8
5611,7
5612,8
5613,6
5614,8
5615,5
5616,6
5617,5
5618,0
5619,8
5620,2
5621,9
5622,1
5623,8
5624,1
5625,5
5626,0
5627,9
5628,1
5629,6
5630,2
5631,6
5632,9
5633,4
5634,5
5635,7
5636,4
5637,7
5638,4
5639,5
5640,2
5641,6
5642,7
5643,5
5644,7
5645,3
5646,0
5647,5
5648,8
5649,3
5650,7
5651,4
5652,0
5653,5
5654,4
5655,3
5656,2
5657,2
5658,4
5659,2
5660,9
5661,4
5662,8
5663,8
5664,6
5665,0
5666,6
5667,1
5668,7
5669,0
5670,4
5671,3
5672,8
5673,5
5674,9
5675,7
5676,6
5677,5
5678,1
5679,0
5680,2
5681,6
5682,2
5683,6
5684,7
5685,1
5686,6
5687,2
5688,8
5689,3
5690,7
5691,2
5692,5
5693,7
5694,5
5695,7
5696,7
5697,1
5698,7
5699,4
5700,3
5701,5
5702,4
5703,0
5704,4
5705,2
5706,7
5707,0
5708,2
5709,3
5710,6
5711,6
5712,2
5713,5
5714,2
5715,6
5716,0
5717,6
5718,6
5719,2
5720,9
5721,0
5722,0
5723,1
5724,5
5725,3
5726,1
5727,6
5728,7
5729,8
5730,3
5731,6
5732,3
5733,3
5734,6
5735,0
5736,1
5737,9
5738,2
5739,2
5740,6
5741,1
5742,4
5743,6
5744,2
5745,2
5746,7
5747,8
5748,8
5749,3
5750,6
5751,3
5752,3
5753,2
5754,3
5755,2
5756,4
5757,4
5758,8
5759,9
5760,2
5761,6
5762,0
5763,0
5764,7
5765,9
5766,8
5767,7
5768,7
5769,3
5770,8
5771,2
5772,9
5773,3
5774,5
5775,7
5776,5
5777,8
5778,7
5779,3
5780,7
5781,8
5782,7
5783,9
5784,6
5785,2
5786,3
5787,9
5788,0
5789,2
5790,9
5791,8
5792,2
5793,8
5794,0
5795,7
5796,5
5797,3
5798,0
5799,1
5800,2
5801,9
5802,6
5803,1
5804,0
5805,1
5806,8
5807,6
5808,5
5809,3
5810,5
5811,7
5812,3
5813,4
5814,8
5815,6
5816,5
5817,5
5818,7
5819,0
5820,5
5821,2
5822,3
5823,5
5824,7
5825,2
5826,7
5827,0
5828,5
5829,4
5830,3
5831,5
5832,9
5833,5
5834,5
5835,7
5836,8
5837,3
5838,7
5839,2
5840,2
5841,6
5842,7
5843,6
5844,0
5845,5
5846,5
5847,9
5848,3
5849,3
5850,2
5851,1
5852,3
5853,5
5854,4
5855,5
5856,5
5857,8
5858,7
5859,2
5860,0
5861,1
5862,5
5863,4
5864,1
5865,6
5866,4
5867,5
5868,0
5869,7
5870,4
5871,2
5872,5
5873,4
5874,6
5875,1
5876,3
5877,9
5878,2
5879,8
5880,0
5881,5
5882,1
5883,3
5884,4
5885,4
5886,2
5887,1
5888,3
5889,6
5890,2
5891,0
5892,8
5893,9
5894,7
5895,6
5896,9
5897,4
5898,8
5899,1
5900,5
5901,6
5902,9
5903,3
5904,7
5905,1
5906,4
5907,5
5908,7
5909,1
5910,6
5911,6
5912,7
5913,7
5914,1
5915,5
5916,9
5917,4
5918,1
5919,0
5920,8
5921,3
5922,7
5923,1
5924,3
5925,5
5926,4
5927,6
5928,7
5929,7
5930,2
5931,3
5932,6
5933,0
5934,7
5935,6
5936,6
5937,1
5938,9
5939,9
5940,3
5941,9
5942,4
5943,3
5944,2
5945,0
5946,8
5947,5
5948,0
5949,6
5950,9
5951,0
5952,9
5953,7
5954,8
5955,2
5956,2
5957,4
5958,9
5959,0
5960,6
5961,6
5962,6
5963,9
5964,9
5965,7
5966,9
5967,9
5968,0
5969,3
5970,1
5971,1
5972,0
5973,6
5974,9
5975,9
5976,5
5977,6
5978,3
5979,6
5980,9
5981,7
5982,9
5983,4
5984,5
5985,4
5986,7
5987,3
5988,9
5989,8
5990,0
5991,2
5992,7
5993,8
5994,7
5995,0
5996,2
5997,0
5998,7
5999,0
6000,8
6001,9
6002,2
6003,0
6004,7
6005,4
6006,2
6007,6
6008,2
6009,3
6010,2
6011,5
6012,2
6013,6
6014,0
6015,8
6016,4
6017,6
6018,5
6019,6
6020,6
6021,5
6022,0
6023,5
6024,2
6025,6
6026,3
6027,3
6028,8
6029,0
6030,1
6031,3
6032,4
6033,2
6034,9
6035,3
6036,0
6037,5
6038,6
6039,8
6040,0
6041,9
6042,6
6043,5
6044,4
6045,8
6046,2
6047,0
6048,1
6049,8
6050,4
6051,7
6052,8
6053,4
6054,2
6055,0
6056,4
6057,0
6058,1
6059,9
6060,2
6061,0
6062,6
6063,3
6064,5
6065,2
6066,6
6067,8
6068,3
6069,0
6070,9
6071,4
6072,5
6073,2
6074,4
6075,6
6076,7
6077,0
6078,2
6079,5
6080,1
6081,0
6082,0
6083,2
6084,1
6085,6
6086,1
6087,4
6088,6
6089,7
6090,1
6091,0
6092,5
6093,2
6094,5
6095,9
6096,2
6097,5
6098,6
6099,7
6100,1
6101,9
6102,3
6103,6
6104,1
6105,0
6106,2
6107,9
6108,3
6109,2
6110,9
6111,2
6112,8
6113,0
6114,9
6115,8
6116,5
6117,1
6118,0
6119,1
6120,5
6121,3
6122,3
6123,6
6124,3
6125,9
6126,3
6127,2
6128,0
6129,4
6130,1
6131,6
6132,7
6133,0
6134,8
6135,5
6136,9
6137,2
6138,2
6139,9
6140,9
6141,0
6142,3
6143,9
6144,7
6145,3
6146,0
6147,9
6148,4
6149,7
6150,1
6151,3
6152,6
6153,4
6154,5
6155,8
6156,9
6157,7
6158,0
6159,1
6160,2
6161,2
6162,7
6163,6
6164,4
6165,6
6166,1
6167,9
6168,3
6169,2
6170,2
6171,4
6172,1
6173,1
6174,3
6175,6
6176,9
6177,5
6178,4
6179,8
6180,0
6181,1
6182,1
6183,5
6184,1
6185,3
6186,9
6187,0
6188,9
6189,2
6190,3
6191,0
6192,6
6193,9
6194,1
6195,1
6196,3
6197,4
6198,9
6199,5
6200,6
6201,6
6202,2
6203,3
6204,3
6205,1
6206,5
6207,9
6208,8
6209,7
6210,3
6211,8
6212,7
6213,2
6214,5
6215,2
6216,5
6217,8
6218,9
6219,7
6220,2
6221,0
6222,0
6223,7
6224,5
6225,6
6226,5
6227,2
6228,7
6229,6
6230,2
6231,8
6232,2
6233,7
6234,6
6235,3
6236,1
6237,5
6238,8
6239,6
6240,2
6241,8
6242,0
6243,6
6244,8
6245,5
6246,4
6247,0
6248,2
6249,5
6250,4
6251,0
6252,2
6253,5
6254,4
6255,6
6256,9
6257,2
6258,0
6259,5
6260,8
6261,2
6262,8
6263,0
6264,6
6265,4
6266,7
6267,9
6268,5
6269,7
6270,6
6271,4
6272,2
6273,3
6274,9
6275,9
6276,5
6277,2
6278,3
6279,1
6280,7
6281,1
6282,6
6283,3
6284,4
6285,0
6286,9
6287,5
6288,6
6289,9
6290,1
6291,9
6292,2
6293,3
6294,0
6295,8
6296,8
6297,5
6298,5
6299,2
6300,1
6301,1
6302,9
6303,2
6304,0
6305,3
6306,0
6307,2
6308,3
6309,6
6310,5
6311,3
6312,2
6313,9
6314,6
6315,6
6316,7
6317,2
6318,7
6319,7
6320,0
6321,8
6322,7
6323,2
6324,7
6325,7
6326,4
6327,4
6328,0
6329,1
6330,6
6331,0
6332,5
6333,3
6334,0
6335,2
6336,4
6337,9
6338,7
6339,3
6340,3
6341,9
6342,8
6343,8
6344,3
6345,5
6346,8
6347,0
6348,8
6349,0
6350,0
6351,0
6352,2
6353,0
6354,7
6355,0
6356,7
6357,7
6358,7
6359,2
6360,2
6361,0
6362,4
6363,0
6364,1
6365,7
6366,0
6367,4
6368,7
6369,9
6370,5
6371,9
6372,1
6373,6
6374,9
6375,3
6376,8
6377,9
6378,7
6379,8
6380,5
6381,9
6382,3
6383,2
6384,7
6385,5
6386,7
6387,7
6388,7
6389,2
6390,7
6391,9
6392,3
6393,3
6394,0
6395,8
6396,4
6397,3
6398,6
6399,1
6400,1
6401,7
6402,8
6403,4
6404,7
6405,9
6406,3
6407,2
6408,0
6409,9
6410,1
6411,8
6412,9
6413,6
6414,8
6415,1
6416,7
6417,1
6418,0
6419,8
6420,7
6421,4
6422,3
6423,4
6424,8
6425,0
6426,1
6427,2
6428,3
6429,1
6430,1
6431,1
6432,8
6433,8
6434,8
6435,9
6436,8
6437,0
6438,4
6439,6
6440,6
6441,5
6442,6
6443,6
6444,6
6445,1
6446,2
6447,4
6448,7
6449,8
6450,0
6451,1
6452,5
6453,8
6454,4
6455,6
6456,2
6457,3
6458,2
6459,6
6460,3
6461,6
6462,0
6463,0
6464,1
6465,3
6466,5
6467,3
6468,8
6469,1
6470,1
6471,6
6472,9
6473,9
6474,8
6475,3
6476,0
6477,4
6478,7
6479,4
6480,0
6481,0
6482,7
6483,6
6484,8
6485,9
6486,8
6487,6
6488,2
6489,8
6490,0
6491,5
6492,9
6493,1
6494,0
6495,7
6496,7
6497,4
6498,4
6499,5
6500,9
6501,5
6502,6
6503,6
6504,4
6505,4
6506,5
6507,8
6508,0
6509,9
6510,9
6511,7
6512,2
6513,5
6514,2
6515,5
6516,3
6517,7
6518,6
6519,2
6520,6
6521,4
6522,9
6523,6
6524,8
6525,5
6526,8
6527,5
6528,5
6529,2
6530,6
6531,4
6532,5
6533,3
6534,7
6535,5
6536,1
6537,5
6538,3
6539,7
6540,8
6541,8
6542,9
6543,3
6544,0
6545,0
6546,2
6547,6
6548,0
6549,8
6550,1
6551,4
6552,1
6553,3
6554,5
6555,1
6556,9
6557,9
6558,6
6559,2
6560,6
6561,9
6562,5
6563,6
6564,3
6565,9
6566,1
6567,4
6568,2
6569,9
6570,9
6571,5
6572,4
6573,7
6574,8
6575,3
6576,7
6577,3
6578,6
6579,9
6580,1
6581,9
6582,4
6583,0
6584,5
6585,1
6586,6
6587,3
6588,8
6589,2
6590,7
6591,3
6592,5
6593,2
6594,9
6595,3
6596,2
6597,1
6598,9
6599,6
6600,7
6601,0
6602,8
6603,9
6604,2
6605,6
6606,3
6607,7
6608,5
6609,5
6610,8
6611,8
6612,5
6613,8
6614,5
6615,7
6616,4
6617,7
6618,0
6619,0
6620,7
6621,0
6622,4
6623,8
6624,4
6625,6
6626,2
6627,6
6628,4
6629,0
6630,7
6631,3
6632,7
6633,0
6634,4
6635,9
6636,2
6637,7
6638,1
6639,9
6640,3
6641,9
6642,9
6643,1
6644,0
6645,6
6646,5
6647,2
6648,0
6649,9
6650,0
6651,6
6652,2
6653,2
6654,4
6655,9
6656,3
6657,7
6658,6
6659,1
6660,0
6661,3
6662,6
6663,0
6664,4
6665,4
6666,2
6667,7
6668,6
6669,2
6670,3
6671,5
6672,9
6673,2
6674,3
6675,2
6676,0
6677,5
6678,4
6679,0
6680,3
6681,8
6682,4
6683,5
6684,8
6685,1
6686,9
6687,2
6688,2
6689,8
6690,5
6691,8
6692,6
6693,6
6694,3
6695,4
6696,0
6697,5
6698,3
6699,2
6700,6
6701,1
6702,8
6703,4
6704,9
6705,2
6706,6
6707,2
6708,2
6709,3
6710,3
6711,5
6712,0
6713,2
6714,1
6715,2
6716,0
6717,0
6718,8
6719,3
6720,2
6721,7
6722,6
6723,7
6724,9
6725,8
6726,3
6727,6
6728,1
6729,2
6730,8
6731,6
6732,3
6733,5
6734,8
6735,9
6736,2
6737,7
6738,0
6739,0
6740,2
6741,1
6742,1
6743,8
6744,3
6745,7
6746,5
6747,8
6748,2
6749,9
6750,3
6751,8
6752,9
6753,6
6754,8
6755,9
6756,9
6757,4
6758,8
6759,1
6760,5
6761,5
6762,5
6763,3
6764,5
6765,8
6766,8
6767,1
6768,2
6769,5
6770,1
6771,3
6772,9
6773,2
6774,5
6775,0
6776,8
6777,2
6778,2
6779,1
6780,7
6781,6
6782,4
6783,6
6784,9
6785,3
6786,5
6787,5
6788,1
6789,1
6790,3
6791,7
6792,5
6793,3
6794,8
6795,0
6796,6
6797,0
6798,8
6799,0
6800,4
6801,6
6802,4
6803,6
6804,0
6805,1
6806,1
6807,7
6808,0
6809,6
6810,8
6811,9
6812,9
6813,6
6814,1
6815,0
6816,9
6817,1
6818,7
6819,2
6820,1
6821,3
6822,2
6823,5
6824,0
6825,3
6826,6
6827,0
6828,3
6829,8
6830,1
6831,8
6832,1
6833,5
6834,1
6835,5
6836,4
6837,5
6838,1
6839,8
6840,9
6841,9
6842,3
6843,9
6844,7
6845,1
6846,9
6847,8
6848,9
6849,4
6850,6
6851,0
6852,9
6853,3
6854,0
6855,6
6856,5
6857,3
6858,1
6859,1
6860,0
6861,9
6862,5
6863,6
6864,0
6865,3
6866,6
6867,6
6868,1
6869,8
6870,7
6871,5
6872,2
6873,3
6874,6
6875,5
6876,5
6877,0
6878,5
6879,9
6880,2
6881,6
6882,9
6883,3
6884,0
6885,0
6886,1
6887,6
6888,4
6889,5
6890,5
6891,9
6892,6
6893,3
6894,6
6895,0
6896,6
6897,8
6898,3
6899,2
6900,3
6901,9
6902,4
6903,9
6904,0
6905,2
6906,3
6907,6
6908,2
6909,4
6910,7
6911,6
6912,3
6913,6
6914,8
6915,1
6916,4
6917,6
6918,2
6919,4
6920,4
6921,6
6922,6
6923,0
6924,5
6925,2
6926,2
6927,3
6928,2
6929,5
6930,0
6931,5
6932,9
6933,3
6934,6
6935,7
6936,3
6937,8
6938,2
6939,2
6940,1
6941,4
6942,3
6943,4
6944,3
6945,5
6946,6
6947,8
6948,6
6949,8
6950,0
6951,9
6952,8
6953,1
6954,7
6955,7
6956,6
6957,6
6958,7
6959,4
6960,9
6961,8
6962,7
6963,9
6964,5
6965,5
6966,0
6967,4
6968,8
6969,6
6970,3
6971,9
6972,1
6973,3
6974,9
6975,1
6976,2
6977,7
6978,4
6979,4
6980,0
6981,2
6982,1
6983,1
6984,1
6985,0
6986,5
6987,8
6988,2
6989,7
6990,3
6991,1
6992,2
6993,5
6994,4
6995,1
6996,0
6997,5
6998,8
6999,8
7000,8
7001,1
7002,6
7003,7
7004,0
7005,8
7006,6
7007,9
7008,1
7009,3
7010,0
7011,7
7012,7
7013,1
7014,3
7015,3
7016,6
7017,9
7018,0
7019,2
7020,7
7021,9
7022,2
7023,2
7024,9
7025,6
7026,3
7027,5
7028,9
7029,4
7030,4
7031,0
7032,4
7033,8
7034,0
7035,9
7036,7
7037,5
7038,0
7039,4
7040,6
7041,0
7042,8
7043,6
7044,8
7045,3
7046,9
7047,8
7048,2
7049,2
7050,8
7051,3
7052,1
7053,1
7054,2
7055,8
7056,2
7057,6
7058,9
7059,6
7060,8
7061,4
7062,4
7063,6
7064,5
7065,2
7066,6
7067,7
7068,2
7069,0
7070,7
7071,1
7072,8
7073,9
7074,3
7075,9
7076,9
7077,0
7078,7
7079,7
7080,3
7081,4
7082,2
7083,6
7084,4
7085,5
7086,7
7087,5
7088,8
7089,7
7090,5
7091,6
7092,2
7093,2
7094,4
7095,4
7096,0
7097,3
7098,1
7099,5
7100,3
7101,6
7102,0
7103,0
7104,6
7105,3
7106,8
7107,6
7108,2
7109,4
7110,3
7111,5
7112,0
7113,9
7114,1
7115,0
7116,0
7117,3
7118,5
7119,2
7120,7
7121,9
7122,9
7123,6
7124,2
7125,5
7126,0
7127,3
7128,3
7129,9
7130,6
7131,6
7132,4
7133,1
7134,4
7135,4
7136,1
7137,5
7138,0
7139,0
7140,4
7141,5
7142,8
7143,2
7144,8
7145,3
7146,0
7147,5
7148,0
7149,6
7150,3
7151,1
7152,6
7153,7
7154,0
7155,9
7156,1
7157,5
7158,7
7159,6
7160,5
7161,4
7162,7
7163,6
7164,0
7165,0
7166,1
7167,7
7168,5
7169,1
7170,3
7171,2
7172,4
7173,1
7174,6
7175,7
7176,8
7177,0
7178,0
7179,9
7180,6
7181,4
7182,8
7183,6
7184,6
7185,8
7186,5
7187,7
7188,7
7189,0
7190,2
7191,7
7192,7
7193,8
7194,8
7195,2
7196,0
7197,3
7198,9
7199,1
7200,0
7201,6
7202,5
7203,5
7204,4
7205,6
7206,2
7207,3
7208,1
7209,0
7210,3
7211,3
7212,3
7213,2
7214,5
7215,1
7216,2
7217,3
7218,9
7219,7
7220,2
7221,3
7222,8
7223,7
7224,5
7225,1
7226,7
7227,4
7228,6
7229,2
7230,2
7231,8
7232,9
7233,6
7234,9
7235,2
7236,9
7237,7
7238,4
7239,4
7240,0
7241,3
7242,3
7243,1
7244,5
7245,4
7246,0
7247,8
7248,4
7249,9
7250,8
7251,7
7252,8
7253,2
7254,2
7255,3
7256,4
7257,0
7258,3
7259,6
7260,1
7261,8
7262,2
7263,5
7264,4
7265,5
7266,2
7267,3
7268,3
7269,7
7270,9
7271,7
7272,1
7273,4
7274,1
7275,1
7276,1
7277,4
7278,3
7279,5
7280,9
7281,5
7282,1
7283,3
7284,0
7285,9
7286,2
7287,5
7288,7
7289,0
7290,6
7291,3
7292,5
7293,7
7294,5
7295,5
7296,8
7297,9
7298,2
7299,6
7300,3
7301,6
7302,6
7303,8
7304,3
7305,6
7306,4
7307,8
7308,4
7309,1
7310,5
7311,9
7312,2
7313,3
7314,6
7315,0
7316,1
7317,6
7318,2
7319,2
7320,8
7321,2
7322,4
7323,3
7324,8
7325,4
7326,4
7327,4
7328,4
7329,9
7330,5
7331,5
7332,7
7333,6
7334,5
7335,4
7336,5
7337,6
7338,5
7339,6
7340,2
7341,6
7342,7
7343,5
7344,3
7345,6
7346,5
7347,0
7348,2
7349,3
7350,9
7351,6
7352,3
7353,8
7354,0
7355,7
7356,0
7357,6
7358,8
7359,1
7360,7
7361,8
7362,9
7363,1
7364,6
7365,4
7366,2
7367,3
7368,5
7369,5
7370,5
7371,6
7372,5
7373,0
7374,3
7375,2
7376,1
7377,3
7378,7
7379,7
7380,7
7381,4
7382,0
7383,4
7384,5
7385,9
7386,3
7387,1
7388,7
7389,6
7390,6
7391,4
7392,8
7393,2
7394,1
7395,5
7396,8
7397,2
7398,5
7399,3
7400,3
7401,3
7402,0
7403,4
7404,8
7405,7
7406,2
7407,0
7408,6
7409,8
7410,3
7411,4
7412,9
7413,1
7414,8
7415,3
7416,6
7417,3
7418,8
7419,0
7420,2
7421,3
7422,4
7423,6
7424,9
7425,2
7426,7
7427,2
7428,0
7429,3
7430,2
7431,9
7432,7
7433,5
7434,0
7435,7
7436,0
7437,3
7438,5
7439,3
7440,3
7441,0
7442,7
7443,5
7444,9
7445,6
7446,7
7447,0
7448,9
7449,6
7450,1
7451,1
7452,4
7453,9
7454,0
7455,9
7456,4
7457,3
7458,5
7459,8
7460,5
7461,9
7462,8
7463,0
7464,8
7465,8
7466,6
7467,6
7468,8
7469,6
7470,9
7471,3
7472,1
7473,1
7474,5
7475,3
7476,5
7477,0
7478,7
7479,6
7480,1
7481,4
7482,6
7483,1
7484,1
7485,8
7486,1
7487,1
7488,2
7489,5
7490,4
7491,9
7492,9
7493,5
7494,2
7495,7
7496,2
7497,8
7498,6
7499,9
7500,6
7501,9
7502,8
7503,8
7504,3
7505,7
7506,4
7507,5
7508,2
7509,3
7510,8
7511,0
7512,9
7513,9
7514,7
7515,8
7516,1
7517,3
7518,4
7519,8
7520,4
7521,2
7522,9
7523,0
7524,4
7525,8
7526,9
7527,6
7528,5
7529,2
7530,2
7531,3
7532,1
7533,0
7534,6
7535,1
7536,8
7537,2
7538,5
7539,5
7540,5
7541,0
7542,8
7543,9
7544,0
7545,7
7546,7
7547,9
7548,6
7549,5
7550,4
7551,6
7552,7
7553,8
7554,5
7555,1
7556,2
7557,7
7558,2
7559,0
7560,0
7561,2
7562,4
7563,9
7564,8
7565,1
7566,9
7567,7
7568,7
7569,3
7570,1
7571,9
7572,1
7573,1
7574,3
7575,8
7576,8
7577,1
7578,9
7579,3
7580,8
7581,9
7582,3
7583,1
7584,1
7585,6
7586,9
7587,7
7588,3
7589,6
7590,4
7591,6
7592,9
7593,6
7594,0
7595,9
7596,3
7597,9
7598,3
7599,8
7600,2
7601,8
7602,6
7603,9
7604,1
7605,6
7606,6
7607,0
7608,5
7609,9
7610,3
7611,7
7612,7
7613,9
7614,4
7615,5
7616,0
7617,0
7618,3
7619,3
7620,9
7621,8
7622,0
7623,1
7624,2
7625,7
7626,8
7627,3
7628,9
7629,6
7630,9
7631,1
7632,5
7633,7
7634,1
7635,9
7636,5
7637,8
7638,8
7639,9
7640,9
7641,6
7642,9
7643,8
7644,3
7645,0
7646,2
7647,6
7648,9
7649,3
7650,2
7651,4
7652,0
7653,8
7654,4
7655,8
7656,1
7657,5
7658,7
7659,2
7660,7
7661,9
7662,5
7663,2
7664,2
7665,9
7666,4
7667,3
7668,5
7669,7
7670,2
7671,5
7672,6
7673,6
7674,9
7675,3
7676,2
7677,6
7678,8
7679,6
7680,3
7681,0
7682,8
7683,0
7684,2
7685,9
7686,8
7687,6
7688,8
7689,0
7690,6
7691,6
7692,0
7693,7
7694,9
7695,8
7696,0
7697,5
7698,0
7699,9
7700,6
7701,0
7702,4
7703,7
7704,1
7705,7
7706,8
7707,8
7708,2
7709,3
7710,9
7711,4
7712,5
7713,3
7714,3
7715,1
7716,5
7717,4
7718,0
7719,2
7720,3
7721,2
7722,3
7723,6
7724,8
7725,4
7726,4
7727,6
7728,1
7729,9
7730,4
7731,1
7732,7
7733,0
7734,9
7735,3
7736,3
7737,0
7738,2
7739,9
7740,4
7741,5
7742,0
7743,3
7744,3
7745,7
7746,0
7747,3
7748,0
7749,1
7750,2
7751,4
7752,9
7753,9
7754,0
7755,7
7756,5
7757,6
7758,7
7759,1
7760,2
7761,5
7762,7
7763,4
7764,6
7765,8
7766,4
7767,9
7768,8
7769,7
7770,9
7771,0
7772,3
7773,4
7774,0
7775,2
7776,5
7777,6
7778,3
7779,5
7780,9
7781,5
7782,8
7783,5
7784,4
7785,0
7786,9
7787,5
7788,6
7789,3
7790,8
7791,2
7792,1
7793,8
7794,6
7795,3
7796,8
7797,6
7798,5
7799,9
7800,0
7801,4
7802,2
7803,8
7804,5
7805,9
7806,9
7807,3
7808,8
7809,4
7810,6
7811,0
7812,2
7813,0
7814,7
7815,1
7816,4
7817,6
7818,9
7819,1
7820,8
7821,0
7822,2
7823,7
7824,9
7825,3
7826,1
7827,5
7828,5
7829,0
7830,9
7831,2
7832,8
7833,0
7834,5
7835,0
7836,0
7837,7
7838,0
7839,8
7840,1
7841,3
7842,4
7843,0
7844,9
7845,2
7846,6
7847,4
7848,2
7849,0
7850,0
7851,0
7852,7
7853,2
7854,3
7855,2
7856,6
7857,4
7858,2
7859,7
7860,8
7861,4
7862,1
7863,0
7864,1
7865,3
7866,6
7867,4
7868,8
7869,0
7870,6
7871,0
7872,9
7873,1
7874,6
7875,2
7876,1
7877,0
7878,1
7879,3
7880,0
7881,4
7882,7
7883,9
7884,9
7885,3
7886,7
7887,5
7888,7
7889,1
7890,6
7891,6
7892,9
7893,8
7894,1
7895,4
7896,2
7897,2
7898,1
7899,3
7900,0
7901,1
7902,2
7903,1
7904,1
7905,3
7906,2
7907,6
7908,9
7909,8
7910,5
7911,2
7912,0
7913,0
7914,6
7915,3
7916,0
7917,6
7918,5
7919,6
7920,9
7921,4
7922,8
7923,9
7924,3
7925,0
7926,5
7927,7
7928,2
7929,0
7930,0
7931,3
7932,9
7933,2
7934,8
7935,2
7936,1
7937,1
7938,2
7939,2
7940,2
7941,2
7942,9
7943,1
7944,2
7945,6
7946,1
7947,6
7948,1
7949,8
7950,9
7951,2
7952,8
7953,1
7954,9
7955,9
7956,3
7957,4
7958,3
7959,0
7960,0
7961,6
7962,5
7963,7
7964,1
7965,7
7966,7
7967,7
7968,8
7969,6
7970,5
7971,5
7972,5
7973,1
7974,6
7975,2
7976,7
7977,8
7978,2
7979,3
7980,5
7981,5
7982,9
7983,8
7984,8
7985,6
7986,1
7987,0
7988,6
7989,3
7990,0
7991,9
7992,6
7993,2
7994,0
7995,8
7996,7
7997,1
7998,0
7999,6
8000,9
8001,1
8002,3
8003,5
8004,7
8005,1
8006,7
8007,6
8008,0
8009,3
8010,5
8011,8
8012,3
8013,8
8014,2
8015,8
8016,3
8017,0
8018,8
8019,6
8020,3
8021,1
8022,7
8023,3
8024,0
8025,5
8026,0
8027,7
8028,1
8029,7
8030,2
8031,0
8032,1
8033,5
8034,9
8035,1
8036,6
8037,1
8038,6
8039,1
8040,2
8041,3
8042,7
8043,2
8044,7
8045,5
8046,0
8047,8
8048,0
8049,1
8050,7
8051,9
8052,7
8053,1
8054,9
8055,2
8056,1
8057,9
8058,4
8059,3
8060,6
8061,0
8062,2
8063,0
8064,8
8065,9
8066,9
8067,8
8068,9
8069,2
8070,5
8071,3
8072,3
8073,0
8074,7
8075,8
8076,7
8077,0
8078,3
8079,8
8080,4
8081,6
8082,3
8083,9
8084,2
8085,2
8086,8
8087,2
8088,7
8089,9
8090,6
8091,7
8092,3
8093,7
8094,1
8095,2
8096,3
8097,1
8098,9
8099,4
8100,3
8101,8
8102,2
8103,7
8104,7
8105,0
8106,8
8107,1
8108,5
8109,2
8110,6
8111,5
8112,5
8113,6
8114,3
8115,7
8116,9
8117,8
8118,8
8119,6
8120,9
8121,0
8122,7
8123,9
8124,7
8125,8
8126,4
8127,9
8128,4
8129,2
8130,6
8131,3
8132,8
8133,8
8134,6
8135,3
8136,2
8137,8
8138,9
8139,9
8140,3
8141,3
8142,7
8143,9
8144,9
8145,0
8146,8
8147,5
8148,9
8149,9
8150,6
8151,8
8152,8
8153,8
8154,8
8155,1
8156,0
8157,1
8158,8
8159,8
8160,6
8161,5
8162,9
8163,0
8164,6
8165,1
8166,6
8167,6
8168,6
8169,6
8170,5
8171,6
8172,3
8173,3
8174,3
8175,6
8176,6
8177,9
8178,9
8179,4
8180,4
8181,3
8182,8
8183,3
8184,6
8185,0
8186,8
8187,5
8188,7
8189,9
8190,4
8191,6
8192,5
8193,5
8194,1
8195,8
8196,3
8197,8
8198,3
8199,4
8200,3
8201,3
8202,7
8203,3
8204,6
8205,2
8206,7
8207,7
8208,8
8209,4
8210,0
8211,5
8212,3
8213,6
8214,1
8215,1
8216,4
8217,9
8218,1
8219,5
8220,9
8221,7
8222,8
8223,8
8224,3
8225,0
8226,4
8227,7
8228,8
8229,1
8230,0
8231,3
8232,2
8233,6
8234,1
8235,7
8236,8
8237,7
8238,1
8239,0
8240,7
8241,0
8242,5
8243,4
8244,4
8245,5
8246,0
8247,6
8248,1
8249,1
8250,6
8251,3
8252,2
8253,2
8254,8
8255,9
8256,8
8257,3
8258,3
8259,8
8260,1
8261,0
8262,0
8263,5
8264,2
8265,0
8266,5
8267,0
8268,5
8269,0
8270,6
8271,3
8272,9
8273,6
8274,6
8275,5
8276,9
8277,7
8278,8
8279,6
8280,3
8281,5
8282,1
8283,7
8284,2
8285,9
8286,6
8287,8
8288,5
8289,5
8290,8
8291,7
8292,5
8293,0
8294,8
8295,0
8296,3
8297,1
8298,3
8299,3
8300,3
8301,5
8302,6
8303,0
8304,9
8305,4
8306,6
8307,4
8308,5
8309,2
8310,3
8311,8
8312,1
8313,6
8314,6
8315,6
8316,5
8317,2
8318,5
8319,5
8320,7
8321,4
8322,6
8323,0
8324,3
8325,0
8326,4
8327,7
8328,7
8329,8
8330,5
8331,6
8332,9
8333,2
8334,6
8335,5
8336,3
8337,3
8338,3
8339,8
8340,5
8341,6
8342,0
8343,3
8344,5
8345,9
8346,6
8347,1
8348,3
8349,4
8350,9
8351,2
8352,2
8353,7
8354,4
8355,9
8356,1
8357,6
8358,0
8359,2
8360,7
8361,8
8362,7
8363,5
8364,4
8365,6
8366,1
8367,6
8368,6
8369,4
8370,4
8371,2
8372,1
8373,8
8374,4
8375,4
8376,3
8377,8
8378,3
8379,8
8380,9
8381,4
8382,3
8383,2
8384,2
8385,1
8386,3
8387,0
8388,1
8389,5
8390,1
8391,1
8392,6
8393,8
8394,9
8395,1
8396,3
8397,0
8398,4
8399,2
8400,9
8401,5
8402,0
8403,6
8404,4
8405,0
8406,9
8407,8
8408,6
8409,8
8410,5
8411,8
8412,2
8413,9
8414,6
8415,0
8416,6
8417,1
8418,8
8419,2
8420,6
8421,2
8422,2
8423,6
8424,5
8425,2
8426,9
8427,2
8428,3
8429,4
8430,9
8431,8
8432,3
8433,2
8434,9
8435,3
8436,5
8437,7
8438,1
8439,8
8440,5
8441,8
8442,6
8443,7
8444,3
8445,1
8446,3
8447,0
8448,3
8449,4
8450,0
8451,4
8452,6
8453,9
8454,2
8455,1
8456,4
8457,4
8458,5
8459,9
8460,8
8461,7
8462,2
8463,1
8464,2
8465,9
8466,7
8467,3
8468,6
8469,5
8470,8
8471,0
8472,2
8473,2
8474,4
8475,9
8476,3
8477,5
8478,3
8479,4
8480,2
8481,3
8482,1
8483,0
8484,7
8485,0
8486,4
8487,4
8488,9
8489,8
8490,3
8491,7
8492,9
8493,2
8494,5
8495,1
8496,0
8497,4
8498,1
8499,9
8500,4
8501,8
8502,1
8503,1
8504,1
8505,5
8506,9
8507,8
8508,1
8509,6
8510,7
8511,2
8512,9
8513,9
8514,2
8515,8
8516,8
8517,1
8518,3
8519,7
8520,8
8521,9
8522,1
8523,6
8524,6
8525,3
8526,3
8527,1
8528,3
8529,0
8530,8
8531,8
8532,3
8533,6
8534,6
8535,5
8536,9
8537,0
8538,7
8539,6
8540,4
8541,1
8542,6
8543,0
8544,6
8545,3
8546,0
8547,6
8548,4
8549,9
8550,1
8551,0
8552,6
8553,4
8554,0
8555,5
8556,7
8557,3
8558,2
8559,1
8560,7
8561,8
8562,9
8563,7
8564,1
8565,7
8566,0
8567,8
8568,7
8569,6
8570,6
8571,7
8572,0
8573,2
8574,7
8575,9
8576,0
8577,6
8578,5
8579,1
8580,5
8581,8
8582,6
8583,8
8584,1
8585,9
8586,6
8587,7
8588,6
8589,5
8590,0
8591,4
8592,0
8593,1
8594,3
8595,1
8596,1
8597,7
8598,3
8599,4
8600,5
8601,3
8602,0
8603,1
8604,6
8605,6
8606,3
8607,8
8608,9
8609,6
8610,6
8611,2
8612,4
8613,3
8614,8
8615,9
8616,3
8617,4
8618,5
8619,5
8620,5
8621,1
8622,4
8623,1
8624,4
8625,6
8626,6
8627,7
8628,7
8629,4
8630,5
8631,5
8632,8
8633,2
8634,2
8635,6
8636,6
8637,4
8638,0
8639,7
8640,1
8641,7
8642,3
8643,0
8644,0
8645,9
8646,7
8647,4
8648,1
8649,2
8650,2
8651,3
8652,9
8653,8
8654,2
8655,8
8656,7
8657,6
8658,3
8659,0
8660,7
8661,2
8662,3
8663,1
8664,5
8665,3
8666,0
8667,4
8668,6
8669,4
8670,9
8671,3
8672,4
8673,9
8674,1
8675,7
8676,8
8677,5
8678,9
8679,8
8680,6
8681,2
8682,5
8683,7
8684,3
8685,7
8686,9
8687,6
8688,8
8689,2
8690,8
8691,3
8692,5
8693,9
8694,0
8695,4
8696,9
8697,5
8698,4
8699,6
8700,5
8701,8
8702,0
8703,4
8704,8
8705,6
8706,4
8707,2
8708,4
8709,1
8710,7
8711,4
8712,1
8713,6
8714,4
8715,3
8716,7
8717,8
8718,7
8719,2
8720,0
8721,6
8722,6
8723,7
8724,6
8725,8
8726,9
8727,9
8728,5
8729,5
8730,2
8731,9
8732,1
8733,7
8734,2
8735,3
8736,3
8737,7
8738,4
8739,3
8740,2
8741,0
8742,3
8743,2
8744,1
8745,5
8746,3
8747,2
8748,6
8749,5
8750,9
8751,1
8752,5
8753,7
8754,3
8755,6
8756,2
8757,8
8758,9
8759,5
8760,8
8761,0
8762,8
8763,9
8764,1
8765,4
8766,5
8767,7
8768,2
8769,0
8770,3
8771,6
8772,1
8773,2
8774,3
8775,3
8776,5
8777,0
8778,5
8779,7
8780,4
8781,2
8782,5
8783,5
8784,4
8785,8
8786,4
8787,4
8788,5
8789,5
8790,0
8791,4
8792,6
8793,7
8794,3
8795,0
8796,9
8797,9
8798,6
8799,1
8800,0
8801,4
8802,6
8803,3
8804,0
8805,9
8806,2
8807,6
8808,6
8809,6
8810,5
8811,6
8812,0
8813,1
8814,9
8815,5
8816,7
8817,3
8818,4
8819,0
8820,2
8821,7
8822,6
8823,4
8824,2
8825,1
8826,8
8827,2
8828,5
8829,0
8830,9
8831,6
8832,6
8833,6
8834,8
8835,7
8836,4
8837,1
8838,8
8839,1
8840,1
8841,0
8842,4
8843,8
8844,5
8845,2
8846,6
8847,5
8848,3
8849,9
8850,1
8851,0
8852,7
8853,2
8854,8
8855,3
8856,0
8857,0
8858,6
8859,2
8860,2
8861,4
8862,0
8863,4
8864,9
8865,7
8866,1
8867,8
8868,6
8869,3
8870,5
8871,9
8872,0
8873,5
8874,7
8875,1
8876,9
8877,6
8878,8
8879,9
8880,1
8881,6
8882,5
8883,9
8884,0
8885,3
8886,2
8887,4
8888,8
8889,4
8890,8
8891,9
8892,8
8893,6
8894,0
8895,0
8896,8
8897,2
8898,0
8899,4
8900,7
8901,7
8902,6
8903,0
8904,5
8905,8
8906,4
8907,1
8908,9
8909,0
8910,1
8911,4
8912,7
8913,8
8914,4
8915,9
8916,6
8917,0
8918,0
8919,4
8920,6
8921,8
8922,9
8923,2
8924,2
8925,0
8926,4
8927,9
8928,2
8929,9
8930,2
8931,9
8932,2
8933,6
8934,7
8935,0
8936,8
8937,7
8938,0
8939,8
8940,3
8941,0
8942,6
8943,5
8944,4
8945,1
8946,9
8947,4
8948,6
8949,7
8950,9
8951,8
8952,3
8953,9
8954,4
8955,1
8956,9
8957,7
8958,6
8959,9
8960,8
8961,0
8962,7
8963,6
8964,0
8965,4
8966,3
8967,3
8968,8
8969,8
8970,0
8971,6
8972,3
8973,5
8974,2
8975,8
8976,2
8977,0
8978,6
8979,5
8980,9
8981,4
8982,2
8983,5
8984,6
8985,0
8986,6
8987,5
8988,2
8989,4
8990,1
8991,0
8992,5
8993,9
8994,8
8995,9
8996,7
8997,6
8998,9
8999,3
9000,8
9001,1
9002,6
9003,3
9004,7
9005,5
9006,6
9007,3
9008,0
9009,2
9010,5
9011,2
9012,9
9013,7
9014,7
9015,8
9016,1
9017,0
9018,8
9019,9
9020,7
9021,0
9022,3
9023,8
9024,0
9025,5
9026,9
9027,5
9028,0
9029,7
9030,8
9031,0
9032,9
9033,2
9034,4
9035,5
9036,7
9037,9
9038,4
9039,6
9040,5
9041,3
9042,1
9043,3
9044,2
9045,0
9046,0
9047,2
9048,9
9049,6
9050,3
9051,8
9052,0
9053,5
9054,8
9055,6
9056,4
9057,8
9058,5
9059,3
9060,9
9061,7
9062,9
9063,7
9064,1
9065,0
9066,1
9067,9
9068,8
9069,1
9070,2
9071,7
9072,9
9073,6
9074,4
9075,0
9076,6
9077,2
9078,4
9079,1
9080,3
9081,7
9082,3
9083,8
9084,5
9085,9
9086,0
9087,5
9088,3
9089,3
9090,6
9091,7
9092,6
9093,3
9094,2
9095,2
9096,9
9097,0
9098,5
9099,9
9100,1
9101,8
9102,7
9103,7
9104,4
9105,0
9106,6
9107,2
9108,2
9109,3
9110,1
9111,0
9112,4
9113,1
9114,8
9115,8
9116,4
9117,9
9118,3
9119,4
9120,3
9121,3
9122,9
9123,2
9124,0
9125,1
9126,1
9127,8
9128,2
9129,4
9130,8
9131,3
9132,6
9133,8
9134,5
9135,7
9136,6
9137,6
9138,5
9139,2
9140,7
9141,3
9142,3
9143,3
9144,0
9145,9
9146,5
9147,6
9148,3
9149,0
9150,6
9151,0
9152,4
9153,0
9154,2
9155,5
9156,6
9157,3
9158,8
9159,9
9160,5
9161,6
9162,1
9163,4
9164,2
9165,4
9166,6
9167,7
9168,2
9169,0
9170,9
9171,2
9172,0
9173,4
9174,9
9175,8
9176,8
9177,9
9178,1
9179,1
9180,5
9181,0
9182,0
9183,8
9184,7
9185,1
9186,7
9187,7
9188,5
9189,4
9190,5
9191,3
9192,2
9193,0
9194,6
9195,6
9196,0
9197,1
9198,3
9199,9
9200,8
9201,3
9202,7
9203,8
9204,8
9205,4
9206,8
9207,9
9208,8
9209,1
9210,7
9211,1
9212,6
9213,2
9214,9
9215,5
9216,2
9217,9
9218,3
9219,9
9220,8
9221,5
9222,7
9223,1
9224,6
9225,0
9226,3
9227,9
9228,3
9229,1
9230,2
9231,3
9232,1
9233,8
9234,2
9235,0
9236,9
9237,3
9238,9
9239,8
9240,8
9241,6
9242,7
9243,3
9244,7
9245,1
9246,3
9247,9
9248,0
9249,9
9250,2
9251,6
9252,7
9253,9
9254,2
9255,3
9256,0
9257,3
9258,9
9259,7
9260,5
9261,5
9262,0
9263,6
9264,3
9265,1
9266,8
9267,2
9268,7
9269,3
9270,9
9271,0
9272,0
9273,0
9274,8
9275,8
9276,4
9277,6
9278,7
9279,8
9280,9
9281,4
9282,2
9283,9
9284,7
9285,8
9286,7
9287,9
9288,8
9289,5
9290,7
9291,8
9292,7
9293,7
9294,6
9295,5
9296,8
9297,2
9298,1
9299,7
9300,4
9301,6
9302,3
9303,9
9304,5
9305,7
9306,8
9307,7
9308,3
9309,5
9310,3
9311,3
9312,9
9313,7
9314,6
9315,7
9316,3
9317,3
9318,4
9319,5
9320,9
9321,4
9322,3
9323,1
9324,9
9325,6
9326,0
9327,6
9328,6
9329,7
9330,2
9331,7
9332,9
9333,0
9334,7
9335,4
9336,5
9337,1
9338,3
9339,1
9340,1
9341,3
9342,6
9343,8
9344,5
9345,1
9346,5
9347,8
9348,5
9349,1
9350,2
9351,9
9352,1
9353,3
9354,0
9355,6
9356,0
9357,9
9358,0
9359,0
9360,0
9361,8
9362,9
9363,3
9364,5
9365,6
9366,2
9367,9
9368,1
9369,8
9370,9
9371,8
9372,7
9373,1
9374,7
9375,5
9376,2
9377,4
9378,9
9379,7
9380,5
9381,3
9382,9
9383,0
9384,0
9385,5
9386,2
9387,1
9388,3
9389,8
9390,7
9391,9
9392,0
9393,3
9394,5
9395,7
9396,2
9397,2
9398,8
9399,7
9400,6
9401,9
9402,6
9403,9
9404,3
9405,8
9406,3
9407,6
9408,6
9409,9
9410,5
9411,7
9412,8
9413,0
9414,3
9415,3
9416,7
9417,3
9418,8
9419,2
9420,5
9421,1
9422,5
9423,2
9424,2
9425,6
9426,6
9427,1
9428,7
9429,6
9430,4
9431,5
9432,1
9433,3
9434,3
9435,3
9436,6
9437,3
9438,7
9439,0
9440,8
9441,4
9442,4
9443,2
9444,7
9445,2
9446,5
9447,3
9448,3
9449,1
9450,6
9451,8
9452,2
9453,3
9454,5
9455,1
9456,6
9457,9
9458,7
9459,0
9460,3
9461,4
9462,0
9463,9
9464,4
9465,5
9466,8
9467,7
9468,3
9469,0
9470,9
9471,6
9472,8
9473,0
9474,8
9475,2
9476,8
9477,5
9478,7
9479,7
9480,2
9481,5
9482,0
9483,0
9484,9
9485,7
9486,4
9487,1
9488,6
9489,6
9490,8
9491,8
9492,9
9493,0
9494,9
9495,0
9496,1
9497,6
9498,6
9499,0
9500,9
9501,0
9502,6
9503,6
9504,6
9505,5
9506,2
9507,8
9508,8
9509,6
9510,1
9511,4
9512,0
9513,3
9514,2
9515,9
9516,9
9517,3
9518,9
9519,9
9520,1
9521,2
9522,4
9523,5
9524,4
9525,2
9526,9
9527,3
9528,0
9529,3
9530,6
9531,6
9532,8
9533,0
9534,6
9535,1
9536,4
9537,6
9538,8
9539,0
9540,5
9541,4
9542,1
9543,2
9544,0
9545,9
9546,6
9547,4
9548,2
9549,5
9550,6
9551,0
9552,9
9553,7
9554,7
9555,4
9556,6
9557,2
9558,0
9559,9
9560,9
9561,0
9562,3
9563,7
9564,9
9565,0
9566,9
9567,7
9568,8
9569,6
9570,7
9571,6
9572,8
9573,2
9574,4
9575,5
9576,3
9577,0
9578,3
9579,2
9580,1
9581,7
9582,5
9583,9
9584,3
9585,4
9586,5
9587,3
9588,1
9589,5
9590,0
9591,1
9592,1
9593,7
9594,9
9595,7
9596,5
9597,4
9598,9
9599,7
9600,8
9601,5
9602,0
9603,7
9604,8
9605,5
9606,9
9607,2
9608,0
9609,6
9610,4
9611,8
9612,7
9613,2
9614,6
9615,6
9616,2
9617,0
9618,1
9619,8
9620,7
9621,6
9622,5
9623,9
9624,2
9625,2
9626,1
9627,4
9628,9
9629,1
9630,6
9631,7
9632,2
9633,3
9634,1
9635,7
9636,6
9637,2
9638,2
9639,2
9640,5
9641,3
9642,0
9643,0
9644,9
9645,1
9646,5
9647,3
9648,3
9649,3
9650,8
9651,7
9652,2
9653,6
9654,7
9655,8
9656,0
9657,3
9658,9
9659,4
9660,6
9661,5
9662,1
9663,1
9664,0
9665,5
9666,3
9667,9
9668,7
9669,8
9670,1
9671,7
9672,7
9673,9
9674,9
9675,4
9676,3
9677,6
9678,6
9679,2
9680,8
9681,3
9682,7
9683,6
9684,7
9685,0
9686,2
9687,1
9688,3
9689,9
9690,2
9691,7
9692,9
9693,3
9694,9
9695,0
9696,1
9697,8
9698,7
9699,9
9700,0
9701,4
9702,7
9703,4
9704,3
9705,3
9706,9
9707,5
9708,9
9709,0
9710,7
9711,4
9712,6
9713,8
9714,1
9715,4
9716,6
9717,9
9718,9
9719,8
9720,8
9721,6
9722,3
9723,7
9724,0
9725,8
9726,9
9727,8
9728,2
9729,6
9730,6
9731,2
9732,9
9733,7
9734,7
9735,6
9736,0
9737,5
9738,6
9739,1
9740,6
9741,5
9742,9
9743,1
9744,9
9745,3
9746,0
9747,0
9748,2
9749,0
9750,2
9751,6
9752,7
9753,5
9754,9
9755,6
9756,4
9757,7
9758,3
9759,5
9760,9
9761,3
9762,6
9763,1
9764,2
9765,4
9766,0
9767,2
9768,7
9769,9
9770,4
9771,4
9772,0
9773,9
9774,3
9775,9
9776,2
9777,6
9778,3
9779,2
9780,6
9781,3
9782,2
9783,2
9784,0
9785,8
9786,6
9787,0
9788,1
9789,4
9790,2
9791,2
9792,6
9793,2
9794,8
9795,2
9796,9
9797,1
9798,3
9799,7
9800,1
9801,3
9802,0
9803,1
9804,5
9805,0
9806,8
9807,1
9808,1
9809,3
9810,8
9811,1
9812,5
9813,1
9814,8
9815,2
9816,1
9817,9
9818,0
9819,5
9820,0
9821,4
9822,0
9823,3
9824,1
9825,2
9826,0
9827,2
9828,9
9829,5
9830,1
9831,2
9832,2
9833,7
9834,8
9835,7
9836,2
9837,4
9838,5
9839,4
9840,3
9841,0
9842,4
9843,1
9844,2
9845,9
9846,8
9847,0
9848,2
9849,2
9850,4
9851,4
9852,0
9853,6
9854,9
9855,7
9856,5
9857,0
9858,4
9859,6
9860,0
9861,6
9862,3
9863,6
9864,0
9865,1
9866,1
9867,8
9868,9
9869,7
9870,5
9871,9
9872,0
9873,6
9874,2
9875,9
9876,0
9877,2
9878,0
9879,5
9880,3
9881,9
9882,1
9883,7
9884,9
9885,8
9886,4
9887,5
9888,0
9889,8
9890,0
9891,0
9892,5
9893,2
9894,9
9895,4
9896,4
9897,8
9898,9
9899,7
9900,8
9901,6
9902,6
9903,6
9904,0
9905,1
9906,1
9907,1
9908,8
9909,1
9910,7
9911,0
9912,0
9913,7
9914,8
9915,2
9916,1
9917,2
9918,5
9919,2
9920,6
9921,0
9922,6
9923,7
9924,3
9925,4
9926,6
9927,9
9928,5
9929,8
9930,5
9931,0
9932,8
9933,2
9934,7
9935,1
9936,8
9937,4
9938,9
9939,5
9940,5
9941,1
9942,7
9943,7
9944,7
9945,7
9946,0
9947,3
9948,8
9949,3
9950,3
9951,0
9952,5
9953,7
9954,0
9955,8
9956,2
9957,0
9958,9
9959,3
9960,0
9961,5
9962,7
9963,0
9964,0
9965,2
9966,6
9967,4
9968,2
9969,6
9970,2
9971,9
9972,2
9973,8
9974,1
9975,7
9976,5
9977,5
9978,7
9979,3
9980,0
9981,7
9982,6
9983,0
9984,7
9985,3
9986,0
9987,0
9988,8
9989,4
9990,3
9991,0
9992,3
9993,3
9994,6
9995,3
9996,5
9997,2
9998,1
9999,7
